1.715522329333070721e-03
3.442848711390910678e-03
5.158371040723981615e-03
6.885697422781821356e-03
8.601219752114893161e-03
1.032067676568955428e-02
1.204013377926421366e-02
1.376746016132205340e-02
1.549872122762148419e-02
1.721817824119614357e-02
1.892976588628762433e-02
2.066102695258705685e-02
2.239228801888648590e-02
2.411567971670273286e-02
2.582333267755262257e-02
2.754278969112728542e-02
2.925831202046035723e-02
3.096596498131025041e-02
3.267361794216014359e-02
3.439307495573480644e-02
3.611253196930946235e-02
3.783592366712571625e-02
3.955144599645878112e-02
4.127483769427503502e-02
4.298642533936651577e-02
4.470588235294117863e-02
4.642927405075742558e-02
4.815660043281526359e-02
4.986818807790674435e-02
5.157584103875663406e-02
5.329529805233129691e-02
5.500688569742277767e-02
5.672240802675585641e-02
5.844973440881369442e-02
6.016919142238835727e-02
6.189651780444619528e-02
6.361204013377926014e-02
6.533149714735392299e-02
6.704308479244541763e-02
6.876647649026165765e-02
7.047806413535313841e-02
7.218965178044461917e-02
7.390123942553609993e-02
7.562069643911074890e-02
7.732048003147747040e-02
7.903600236081054220e-02
8.074759000590203684e-02
8.244737359826873058e-02
8.415896124336022521e-02
8.585087546724376462e-02
8.755459374385206328e-02
8.927405075742671225e-02
9.098563840251820689e-02
9.270116073185127870e-02
9.441274837694275945e-02
9.613614007475899947e-02
9.784772771985048023e-02
9.956325004918355204e-02
1.012945111154829742e-01
1.029982293920912867e-01
1.047216210899075267e-01
1.064410781034822034e-01
1.081526657485736703e-01
1.098721227621483471e-01
1.115758410387566457e-01
1.132874286838481126e-01
1.149990163289396072e-01
1.167184733425142562e-01
1.184339956718473419e-01
1.201613220539051730e-01
1.218768443832382448e-01
1.236002360810544987e-01
1.253236277788707387e-01
1.270352154239622333e-01
1.287507377532952912e-01
1.304741294511115313e-01
1.321975211489278268e-01
1.339169781625024758e-01
1.356285658075939149e-01
1.373401534526854095e-01
1.390478064135353409e-01
1.407633287428683988e-01
1.424867204406846388e-01
1.441865040330513603e-01
1.459020263623844182e-01
1.476096793232343218e-01
1.493252016525673798e-01
1.510525280346252108e-01
1.527719850481998876e-01
1.544914420617745365e-01
1.562030297068660312e-01
1.579342907731654255e-01
1.596458784182569202e-01
1.613614007475900336e-01
1.630808577611646826e-01
1.647885107220145584e-01
1.665079677355892351e-01
1.682156206964391110e-01
1.699390123942553510e-01
1.716624040920716188e-01
1.733818611056462677e-01
1.751013181192209722e-01
1.768129057643124391e-01
1.785284280936454693e-01
1.802557544757033559e-01
1.819752114892780048e-01
1.836867991343694995e-01
1.853905174109777565e-01
1.871021050560692511e-01
1.888176273854023368e-01
1.905292150304938315e-01
1.922486720440684527e-01
1.939563250049183285e-01
1.956600432815266410e-01
1.973834349793429088e-01
1.991028919929175856e-01
2.008302183749754166e-01
2.025496753885500656e-01
2.042455242966751960e-01
2.059492425732835363e-01
2.076647649026165665e-01
2.093763525477080611e-01
2.110800708243163459e-01
2.127916584694077851e-01
2.145189848514656994e-01
2.162423765492818839e-01
2.179618335628565329e-01
2.196930946291560383e-01
2.214164863269722505e-01
2.231398780247885461e-01
2.248514656698799852e-01
2.265709226834546897e-01
2.282903796970293109e-01
2.300137713948455231e-01
2.317371630926618187e-01
2.334605547904780587e-01
2.351878811725359175e-01
2.369112728703521298e-01
2.386385992524099886e-01
2.403698603187094385e-01
2.421011213850088883e-01
2.438323824513082827e-01
2.455557741491245505e-01
2.472791658469407905e-01
2.490064922289986493e-01
2.507377532952980159e-01
2.524690143615974658e-01
2.542002754278969157e-01
2.559236671257131279e-01
2.576549281920126333e-01
2.593822545740704366e-01
2.611056462718867044e-01
2.628290379697029722e-01
2.645563643517607755e-01
2.662836907338186343e-01
2.680070824316348466e-01
2.697383434979342964e-01
2.714617351957505642e-01
2.731890615778084230e-01
2.749203226441078174e-01
2.766476490261656207e-01
2.783749754082235350e-01
2.801062364745229294e-01
2.818374975408223237e-01
2.835687586071217181e-01
2.853000196734212235e-01
2.870312807397206178e-01
2.887586071217784767e-01
2.904898681880779265e-01
2.922211292543773764e-01
2.939523903206767708e-01
2.956836513869761651e-01
2.974149124532756150e-01
2.991461735195750649e-01
3.008695652173912771e-01
3.026008262836907825e-01
3.043320873499901769e-01
3.060594137320479802e-01
3.077867401141057835e-01
3.095180011804052334e-01
3.112492622467047387e-01
3.129805233130041331e-01
3.147078496950619919e-01
3.164391107613614418e-01
3.181664371434192451e-01
3.198976982097186950e-01
3.216289592760180893e-01
3.233602203423174837e-01
3.250875467243753425e-01
3.268188077906747924e-01
3.285500688569742422e-01
3.302773952390320455e-01
3.319889828841235402e-01
3.337005705292150348e-01
3.354318315955144847e-01
3.371630926618138790e-01
3.388943537281132734e-01
3.406216801101711322e-01
3.423529411764706376e-01
3.440802675585284409e-01
3.458075939405862442e-01
3.475349203226441586e-01
3.492661813889435529e-01
3.509974424552430028e-01
3.527247688373008616e-01
3.544520952193586094e-01
3.561833562856581148e-01
3.579028132992327360e-01
3.596340743655321859e-01
3.613653354318315802e-01
3.630965964981310301e-01
3.648278575644304245e-01
3.665473145780051567e-01
3.682707062758213690e-01
3.699901632893959902e-01
3.717214243556954956e-01
3.734526854219949454e-01
3.751839464882943398e-01
3.769152075545937342e-01
3.786464686208931285e-01
3.803777296871926339e-01
3.821089907534920838e-01
3.838363171355498871e-01
3.855675782018493369e-01
3.872988392681487313e-01
3.890301003344481257e-01
3.907613614007476310e-01
3.924926224670469699e-01
3.942238835333464753e-01
3.959551445996459251e-01
3.976864056659453195e-01
3.994176667322447138e-01
4.011489277985441637e-01
4.028801888648436136e-01
4.046114499311430635e-01
4.063427109974424023e-01
4.080739720637419632e-01
4.098052331300413020e-01
4.115364941963407519e-01
4.132638205783986107e-01
4.149950816446980606e-01
4.167263427109973994e-01
4.184576037772968493e-01
4.201888648435962992e-01
4.219201259098957491e-01
4.236513869761951989e-01
4.253826480424945933e-01
4.271139091087940431e-01
4.288333661223687199e-01
4.305646271886681697e-01
4.322919535707259731e-01
4.340232146370253119e-01
4.357505410190832262e-01
4.374818020853826761e-01
4.392130631516820705e-01
4.409443242179815203e-01
4.426755852842809702e-01
4.444068463505803090e-01
4.461381074168797589e-01
4.478693684831792088e-01
4.496006295494786587e-01
4.513318906157781640e-01
4.530592169978359673e-01
4.547904780641353062e-01
4.565217391304347561e-01
4.582530001967342059e-01
4.599842612630336558e-01
4.617155223293331057e-01
4.634467833956325000e-01
4.651780444619319499e-01
4.669093055282312887e-01
4.686405665945307386e-01
4.703718276608301885e-01
4.720991540428879918e-01
4.738304151091874417e-01
4.755616761754869470e-01
4.772929372417863414e-01
4.790241983080857358e-01
4.807554593743851856e-01
4.824867204406846355e-01
4.842179815069840854e-01
4.859492425732835352e-01
4.876805036395829296e-01
4.894117647058823239e-01
4.911430257721817183e-01
4.928742868384811682e-01
4.946055479047806180e-01
4.963328742868385324e-01
4.980641353531379822e-01
4.997953964194373211e-01
5.015266574857367710e-01
5.032579185520361653e-01
5.049813102498523776e-01
5.067125713161519940e-01
5.084438323824513883e-01
5.101750934487506717e-01
5.119063545150501771e-01
5.136376155813495714e-01
5.153688766476489658e-01
5.171001377139485822e-01
5.188274640960063300e-01
5.205587251623058354e-01
5.222899862286051187e-01
5.240212472949046241e-01
5.257525083612039074e-01
5.274798347432618773e-01
5.292110958095612716e-01
5.309384221916191304e-01
5.326696832579186358e-01
5.343970096399763836e-01
5.361282707062758890e-01
5.378555970883337478e-01
5.395868581546331422e-01
5.413141845366908900e-01
5.430454456029903954e-01
5.447767066692897897e-01
5.465079677355892951e-01
5.482352941176470429e-01
5.499626204997050127e-01
5.516938815660042961e-01
5.534251426323038014e-01
5.551564036986031958e-01
5.568876647649025902e-01
5.586189258312019845e-01
5.603462522132598433e-01
5.620775132795593487e-01
5.638087743458587431e-01
5.655361007279166019e-01
5.672673617942161073e-01
5.689986228605153906e-01
5.707298839268148960e-01
5.724611449931142904e-01
5.741924060594136847e-01
5.759236671257130791e-01
5.776549281920125845e-01
5.793861892583120898e-01
5.811174503246114842e-01
5.828447767066693430e-01
5.845760377729687374e-01
5.863072988392681317e-01
5.880385599055675261e-01
5.897698209718670315e-01
5.914971473539247793e-01
5.932284084202242846e-01
5.949557348022821435e-01
5.966869958685815378e-01
5.984182569348809322e-01
6.001495180011804376e-01
6.018807790674798319e-01
6.036120401337793373e-01
6.053433012000787317e-01
6.070745622663781260e-01
6.088058233326775204e-01
6.105331497147353792e-01
6.122644107810348846e-01
6.139956718473341679e-01
6.157269329136336733e-01
6.174581939799331787e-01
6.191894550462325730e-01
6.209207161125320784e-01
6.226519771788313617e-01
6.243832382451308671e-01
6.261144993114301505e-01
6.278457603777297669e-01
6.295770214440291612e-01
6.313082825103285556e-01
6.330395435766280610e-01
6.347668699586858088e-01
6.364981310249853141e-01
6.382293920912845975e-01
6.399606531575841029e-01
6.416919142238834972e-01
6.434231752901828916e-01
6.451505016722407504e-01
6.468817627385401448e-01
6.486130238048397612e-01
6.503403501868975090e-01
6.520676765689553678e-01
6.537989376352546511e-01
6.555183946488293278e-01
6.572496557151288332e-01
6.589809167814282276e-01
6.607121778477277330e-01
6.624395042297857028e-01
6.641707652960849861e-01
6.659020263623844915e-01
6.676332874286838859e-01
6.693645484949832802e-01
6.710958095612825636e-01
6.728270706275820690e-01
6.745583316938816854e-01
6.762895927601809687e-01
6.780208538264804741e-01
6.797521148927797574e-01
6.814794412748377272e-01
6.832107023411371216e-01
6.849419634074365160e-01
6.866732244737361324e-01
6.884044855400354157e-01
6.901318119220932745e-01
6.918591383041510223e-01
6.935903993704505277e-01
6.953216604367499221e-01
6.970529215030494274e-01
6.987841825693488218e-01
7.005154436356482162e-01
7.022467047019477215e-01
7.039779657682471159e-01
7.057092268345465103e-01
7.074404879008459046e-01
7.091717489671454100e-01
7.109030100334449154e-01
7.126342710997443097e-01
7.143655321660437041e-01
7.160967932323430984e-01
7.178241196144008462e-01
7.195553806807003516e-01
7.212866417469998570e-01
7.230179028132992514e-01
7.247491638795986457e-01
7.264804249458980401e-01
7.282116860121975455e-01
7.299429470784970508e-01
7.316742081447964452e-01
7.334054692110958396e-01
7.351367302773951229e-01
7.368679913436947393e-01
7.385992524099940226e-01
7.403305134762935280e-01
7.420617745425930334e-01
7.437930356088923167e-01
7.455242966751918221e-01
7.472555577414912165e-01
7.489868188077907218e-01
7.507180798740900052e-01
7.524493409403895106e-01
7.541806020066890159e-01
7.559118630729884103e-01
7.576431241392878047e-01
7.593743852055871990e-01
7.611056462718867044e-01
7.628369073381862098e-01
7.645681684044856041e-01
7.662994294707849985e-01
7.680306905370842818e-01
7.697619516033838982e-01
7.714932126696831816e-01
7.732244737359826869e-01
7.749557348022821923e-01
7.766869958685814757e-01
7.784182569348809810e-01
7.801455833169388399e-01
7.818768443832382342e-01
7.836081054495376286e-01
7.853393665158371340e-01
7.870706275821364173e-01
7.888018886484359227e-01
7.905331497147354280e-01
7.922644107810348224e-01
7.939956718473342168e-01
7.957269329136336111e-01
7.974581939799330055e-01
7.991894550462326219e-01
8.009207161125319052e-01
8.026480424945898751e-01
8.043793035608892694e-01
8.061105646271886638e-01
8.078418256934881692e-01
8.095730867597875635e-01
8.113043478260870689e-01
8.130356088923864633e-01
8.147668699586858576e-01
8.164981310249853630e-01
8.182293920912846463e-01
8.199606531575840407e-01
8.216919142238834350e-01
8.234231752901830514e-01
8.251544363564823348e-01
8.268856974227818402e-01
8.286169584890812345e-01
8.303482195553806289e-01
8.320794806216801343e-01
8.338107416879795286e-01
8.355420027542790340e-01
8.372732638205784284e-01
8.390045248868778227e-01
8.407357859531773281e-01
8.424670470194767224e-01
8.441983080857762278e-01
8.459256344678338646e-01
8.476568955341333700e-01
8.493881566004327643e-01
8.511194176667322697e-01
8.528506787330316641e-01
8.545780051150895229e-01
8.563092661813890283e-01
8.580405272476883116e-01
8.597717883139879280e-01
8.615030493802873224e-01
8.632343104465867167e-01
8.649655715128860001e-01
8.666968325791855055e-01
8.684280936454851219e-01
8.701593547117842942e-01
8.718906157780837995e-01
8.736218768443831939e-01
8.753531379106826993e-01
8.770843989769823157e-01
8.788156600432814880e-01
8.805469211095809934e-01
8.822781821758802767e-01
8.840094432421798931e-01
8.857407043084792875e-01
8.874680306905370353e-01
8.891992917568366517e-01
8.909305528231359350e-01
8.926618138894355514e-01
8.943930749557347237e-01
8.961243360220342291e-01
8.978555970883336235e-01
8.995829234703913713e-01
9.013141845366909877e-01
9.030454456029903820e-01
9.047767066692898874e-01
9.065079677355891707e-01
9.082392288018885651e-01
9.099704898681879595e-01
9.116978162502459293e-01
9.134290773165453237e-01
9.151603383828448290e-01
9.168915994491442234e-01
9.186228605154436178e-01
9.203541215817429011e-01
9.220814479638009820e-01
9.238087743458589518e-01
9.255400354121581241e-01
9.272712964784576295e-01
9.290025575447570239e-01
9.307298839268149937e-01
9.324532756246310949e-01
9.341727326382057717e-01
9.358843202832973773e-01
9.375998426126305185e-01
9.393114302577219021e-01
9.410190832185717502e-01
9.427228014951800628e-01
9.444225850875467287e-01
9.461223686799133947e-01
9.478182175880386362e-01
9.495140664961636556e-01
9.512059807200472505e-01
9.528978949439308455e-01
9.545858744835726828e-01
9.562777887074561667e-01
9.579697029313397616e-01
9.596576824709817100e-01
9.613338579578988297e-01
9.630100334448160604e-01
9.646822742474917556e-01
9.663505803659256932e-01
9.679992130631516201e-01
9.696360417076530513e-01
9.712610662994294319e-01
9.728978949439308632e-01
9.745307889041903149e-01
9.761636828644502106e-01
9.777808380877435201e-01
9.794097973637615473e-01
9.810348219555379279e-01
9.826401731261066308e-01
9.842022427700177767e-01
9.857564430454456295e-01
9.872949045839071180e-01
9.888136927011608179e-01
9.903010033444814564e-01
9.917410977769034464e-01
9.931457800511509504e-01
9.944993114302576043e-01
9.957741491245327703e-01
9.968994688176273655e-01
9.978713358253001875e-01
9.986779460948259635e-01
9.993665158371041191e-01
9.999055675782019259e-01
1.000000000000000000e+00
