6.153846153846153841e-03
7.692307692307692735e-03
1.384615384615384658e-02
1.538461538461538547e-02
2.153846153846154104e-02
2.615384615384615599e-02
3.076923076923077094e-02
3.230769230769230810e-02
3.230769230769230810e-02
3.692307692307692651e-02
4.461538461538461925e-02
4.461538461538461925e-02
4.461538461538461925e-02
4.769230769230769357e-02
5.692307692307692346e-02
6.153846153846154188e-02
6.769230769230769051e-02
7.692307692307692735e-02
8.615384615384616418e-02
9.076923076923078260e-02
9.538461538461540101e-02
9.846153846153846145e-02
1.046153846153846240e-01
1.076923076923077122e-01
1.153846153846153771e-01
1.199999999999999956e-01
1.230769230769230838e-01
1.246153846153846140e-01
1.323076923076922928e-01
1.415384615384615574e-01
1.461538461538461620e-01
1.538461538461538547e-01
1.600000000000000033e-01
1.615384615384615474e-01
1.661538461538461520e-01
1.676923076923076961e-01
1.738461538461538447e-01
1.784615384615385048e-01
1.861538461538461697e-01
1.892307692307692579e-01
1.969230769230769229e-01
2.046153846153846434e-01
2.123076923076923084e-01
2.169230769230769407e-01
2.292307692307692102e-01
2.353846153846153866e-01
2.430769230769231071e-01
2.553846153846153766e-01
2.630769230769230971e-01
2.784615384615384825e-01
2.892307692307692357e-01
2.938461538461538680e-01
3.015384615384615330e-01
3.076923076923077094e-01
3.153846153846154299e-01
3.184615384615384626e-01
3.261538461538461275e-01
3.323076923076923594e-01
3.323076923076923594e-01
3.430769230769231126e-01
3.461538461538461453e-01
3.507692307692307776e-01
3.584615384615384426e-01
3.630769230769230749e-01
3.738461538461538280e-01
3.815384615384614930e-01
3.892307692307691580e-01
3.938461538461537903e-01
4.000000000000000222e-01
4.015384615384615108e-01
4.076923076923077427e-01
4.107692307692308309e-01
4.138461538461538636e-01
4.215384615384615286e-01
4.276923076923077049e-01
4.307692307692307376e-01
4.338461538461538813e-01
4.384615384615385136e-01
4.461538461538461786e-01
4.538461538461538436e-01
4.630769230769231082e-01
4.692307692307692291e-01
4.723076923076923173e-01
4.846153846153846700e-01
4.907692307692307909e-01
5.000000000000000000e-01
5.061538461538461764e-01
5.076923076923076650e-01
5.123076923076922418e-01
5.169230769230768185e-01
5.246153846153845945e-01
5.246153846153845945e-01
5.323076923076922595e-01
5.384615384615384359e-01
5.430769230769230127e-01
5.523076923076922773e-01
5.569230769230768541e-01
5.661538461538461187e-01
5.692307692307692069e-01
5.723076923076921840e-01
5.769230769230768718e-01
5.815384615384614486e-01
5.892307692307692246e-01
5.953846153846154010e-01
5.969230769230768896e-01
6.015384615384615774e-01
6.092307692307692424e-01
6.199999999999999956e-01
6.276923076923076605e-01
6.338461538461538369e-01
6.415384615384616129e-01
6.461538461538461897e-01
6.553846153846153433e-01
6.661538461538460965e-01
6.692307692307691847e-01
6.738461538461537614e-01
6.753846153846152500e-01
6.799999999999999378e-01
6.938461538461537792e-01
7.046153846153846434e-01
7.107692307692307088e-01
7.184615384615385958e-01
7.292307692307693490e-01
7.369230769230770139e-01
7.384615384615385025e-01
7.415384615384615907e-01
7.461538461538461675e-01
7.461538461538461675e-01
7.492307692307692557e-01
7.523076923076923439e-01
7.600000000000000089e-01
7.646153846153845857e-01
7.692307692307691624e-01
7.723076923076922506e-01
7.753846153846153388e-01
7.784615384615384270e-01
7.800000000000000266e-01
7.830769230769231148e-01
7.846153846153847145e-01
7.846153846153847145e-01
7.846153846153847145e-01
7.846153846153847145e-01
7.876923076923076916e-01
7.907692307692307798e-01
7.923076923076923794e-01
7.923076923076923794e-01
7.923076923076923794e-01
7.923076923076923794e-01
7.953846153846153566e-01
7.953846153846153566e-01
7.969230769230769562e-01
8.000000000000000444e-01
8.030769230769230216e-01
8.046153846153846212e-01
8.061538461538461098e-01
8.092307692307691980e-01
8.092307692307691980e-01
8.123076923076922862e-01
8.138461538461537748e-01
8.138461538461537748e-01
8.153846153846153744e-01
8.169230769230768630e-01
8.169230769230768630e-01
8.169230769230768630e-01
8.169230769230768630e-01
8.169230769230768630e-01
8.169230769230768630e-01
8.184615384615383515e-01
8.184615384615383515e-01
8.184615384615383515e-01
8.184615384615383515e-01
8.184615384615383515e-01
8.184615384615383515e-01
8.184615384615383515e-01
8.215384615384614397e-01
8.215384615384614397e-01
8.215384615384614397e-01
8.230769230769230393e-01
8.246153846153845279e-01
8.246153846153845279e-01
8.246153846153845279e-01
8.246153846153845279e-01
8.261538461538460165e-01
8.261538461538460165e-01
8.276923076923076161e-01
8.276923076923076161e-01
8.276923076923076161e-01
8.276923076923076161e-01
8.292307692307691047e-01
8.292307692307691047e-01
8.292307692307691047e-01
8.307692307692307043e-01
8.384615384615384803e-01
8.461538461538461453e-01
8.461538461538461453e-01
8.461538461538461453e-01
8.461538461538461453e-01
8.476923076923077449e-01
8.476923076923077449e-01
8.492307692307692335e-01
8.507692307692307221e-01
8.523076923076923217e-01
8.523076923076923217e-01
8.523076923076923217e-01
8.538461538461538103e-01
8.553846153846154099e-01
8.553846153846154099e-01
8.599999999999999867e-01
8.599999999999999867e-01
8.599999999999999867e-01
8.599999999999999867e-01
8.599999999999999867e-01
8.646153846153845635e-01
8.676923076923076517e-01
8.723076923076922284e-01
8.723076923076922284e-01
8.723076923076922284e-01
8.723076923076922284e-01
8.723076923076922284e-01
8.723076923076922284e-01
8.723076923076922284e-01
8.723076923076922284e-01
8.738461538461537170e-01
8.738461538461537170e-01
8.738461538461537170e-01
8.738461538461537170e-01
8.738461538461537170e-01
8.738461538461537170e-01
8.738461538461537170e-01
8.738461538461537170e-01
8.738461538461537170e-01
8.738461538461537170e-01
8.738461538461537170e-01
8.738461538461537170e-01
8.738461538461537170e-01
8.738461538461537170e-01
8.738461538461537170e-01
8.738461538461537170e-01
8.738461538461537170e-01
8.753846153846153166e-01
8.753846153846153166e-01
8.753846153846153166e-01
8.753846153846153166e-01
8.753846153846153166e-01
8.753846153846153166e-01
8.753846153846153166e-01
8.753846153846153166e-01
8.753846153846153166e-01
8.799999999999998934e-01
8.799999999999998934e-01
8.815384615384613820e-01
8.815384615384613820e-01
8.830769230769230926e-01
8.830769230769230926e-01
8.830769230769230926e-01
8.830769230769230926e-01
8.830769230769230926e-01
8.830769230769230926e-01
8.830769230769230926e-01
8.830769230769230926e-01
8.830769230769230926e-01
8.830769230769230926e-01
8.846153846153846922e-01
8.846153846153846922e-01
8.846153846153846922e-01
8.846153846153846922e-01
8.846153846153846922e-01
8.846153846153846922e-01
8.846153846153846922e-01
8.846153846153846922e-01
8.846153846153846922e-01
8.846153846153846922e-01
8.846153846153846922e-01
8.861538461538461808e-01
8.861538461538461808e-01
8.861538461538461808e-01
8.861538461538461808e-01
8.861538461538461808e-01
8.861538461538461808e-01
8.861538461538461808e-01
8.861538461538461808e-01
8.861538461538461808e-01
8.861538461538461808e-01
8.861538461538461808e-01
8.861538461538461808e-01
8.861538461538461808e-01
8.861538461538461808e-01
8.876923076923077804e-01
8.876923076923077804e-01
8.876923076923077804e-01
8.876923076923077804e-01
8.876923076923077804e-01
8.907692307692307576e-01
8.907692307692307576e-01
8.907692307692307576e-01
8.907692307692307576e-01
8.907692307692307576e-01
8.907692307692307576e-01
8.907692307692307576e-01
8.907692307692307576e-01
8.923076923076923572e-01
8.923076923076923572e-01
8.923076923076923572e-01
8.923076923076923572e-01
8.923076923076923572e-01
8.938461538461538458e-01
8.938461538461538458e-01
8.953846153846154454e-01
8.953846153846154454e-01
8.969230769230769340e-01
8.969230769230769340e-01
8.984615384615384226e-01
8.984615384615384226e-01
9.000000000000000222e-01
9.000000000000000222e-01
9.000000000000000222e-01
9.000000000000000222e-01
9.015384615384615108e-01
9.030769230769231104e-01
9.030769230769231104e-01
9.030769230769231104e-01
9.030769230769231104e-01
9.030769230769231104e-01
9.030769230769231104e-01
9.046153846153845990e-01
9.046153846153845990e-01
9.046153846153845990e-01
9.061538461538460876e-01
9.061538461538460876e-01
9.061538461538460876e-01
9.061538461538460876e-01
9.061538461538460876e-01
9.061538461538460876e-01
9.061538461538460876e-01
9.061538461538460876e-01
9.061538461538460876e-01
9.061538461538460876e-01
9.076923076923076872e-01
9.076923076923076872e-01
9.076923076923076872e-01
9.076923076923076872e-01
9.076923076923076872e-01
9.092307692307691758e-01
9.092307692307691758e-01
9.107692307692307754e-01
9.107692307692307754e-01
9.107692307692307754e-01
9.107692307692307754e-01
9.107692307692307754e-01
9.107692307692307754e-01
9.107692307692307754e-01
9.107692307692307754e-01
9.107692307692307754e-01
9.123076923076924860e-01
9.123076923076924860e-01
9.123076923076924860e-01
9.123076923076924860e-01
9.123076923076924860e-01
9.123076923076924860e-01
9.123076923076924860e-01
9.123076923076924860e-01
9.123076923076924860e-01
9.123076923076924860e-01
9.123076923076924860e-01
9.123076923076924860e-01
9.123076923076924860e-01
9.123076923076924860e-01
9.138461538461539746e-01
9.138461538461539746e-01
9.138461538461539746e-01
9.138461538461539746e-01
9.138461538461539746e-01
9.138461538461539746e-01
9.153846153846154632e-01
9.153846153846154632e-01
9.153846153846154632e-01
9.169230769230770628e-01
9.184615384615385514e-01
9.184615384615385514e-01
9.230769230769231282e-01
9.230769230769231282e-01
9.230769230769231282e-01
9.230769230769231282e-01
9.246153846153847278e-01
9.246153846153847278e-01
9.246153846153847278e-01
9.246153846153847278e-01
9.246153846153847278e-01
9.246153846153847278e-01
9.246153846153847278e-01
9.246153846153847278e-01
9.246153846153847278e-01
9.246153846153847278e-01
9.246153846153847278e-01
9.261538461538462164e-01
9.261538461538462164e-01
9.261538461538462164e-01
9.261538461538462164e-01
9.261538461538462164e-01
9.276923076923078160e-01
9.292307692307693046e-01
9.292307692307693046e-01
9.292307692307693046e-01
9.292307692307693046e-01
9.292307692307693046e-01
9.292307692307693046e-01
9.292307692307693046e-01
9.292307692307693046e-01
9.292307692307693046e-01
9.292307692307693046e-01
9.292307692307693046e-01
9.292307692307693046e-01
9.292307692307693046e-01
9.292307692307693046e-01
9.292307692307693046e-01
9.307692307692307931e-01
9.307692307692307931e-01
9.307692307692307931e-01
9.307692307692307931e-01
9.307692307692307931e-01
9.307692307692307931e-01
9.307692307692307931e-01
9.307692307692307931e-01
9.307692307692307931e-01
9.307692307692307931e-01
9.307692307692307931e-01
9.307692307692307931e-01
9.307692307692307931e-01
9.307692307692307931e-01
9.307692307692307931e-01
9.307692307692307931e-01
9.307692307692307931e-01
9.307692307692307931e-01
9.307692307692307931e-01
9.307692307692307931e-01
9.307692307692307931e-01
9.307692307692307931e-01
9.307692307692307931e-01
9.307692307692307931e-01
9.307692307692307931e-01
9.307692307692307931e-01
9.307692307692307931e-01
9.307692307692307931e-01
9.307692307692307931e-01
9.307692307692307931e-01
9.307692307692307931e-01
9.307692307692307931e-01
9.307692307692307931e-01
9.307692307692307931e-01
9.307692307692307931e-01
9.307692307692307931e-01
9.323076923076923928e-01
9.323076923076923928e-01
9.323076923076923928e-01
9.323076923076923928e-01
9.323076923076923928e-01
9.323076923076923928e-01
9.323076923076923928e-01
9.323076923076923928e-01
9.323076923076923928e-01
9.323076923076923928e-01
9.323076923076923928e-01
9.323076923076923928e-01
9.323076923076923928e-01
9.338461538461538813e-01
9.338461538461538813e-01
9.338461538461538813e-01
9.338461538461538813e-01
9.338461538461538813e-01
9.338461538461538813e-01
9.338461538461538813e-01
9.338461538461538813e-01
9.338461538461538813e-01
9.338461538461538813e-01
9.338461538461538813e-01
9.338461538461538813e-01
9.338461538461538813e-01
9.338461538461538813e-01
9.338461538461538813e-01
9.338461538461538813e-01
9.338461538461538813e-01
9.338461538461538813e-01
9.338461538461538813e-01
9.338461538461538813e-01
9.338461538461538813e-01
9.338461538461538813e-01
9.338461538461538813e-01
9.338461538461538813e-01
9.338461538461538813e-01
9.353846153846154809e-01
9.353846153846154809e-01
9.353846153846154809e-01
9.353846153846154809e-01
9.353846153846154809e-01
9.369230769230769695e-01
9.369230769230769695e-01
9.369230769230769695e-01
9.369230769230769695e-01
9.369230769230769695e-01
9.369230769230769695e-01
9.369230769230769695e-01
9.369230769230769695e-01
9.369230769230769695e-01
9.369230769230769695e-01
9.369230769230769695e-01
9.369230769230769695e-01
9.369230769230769695e-01
9.369230769230769695e-01
9.369230769230769695e-01
9.369230769230769695e-01
9.369230769230769695e-01
9.369230769230769695e-01
9.369230769230769695e-01
9.384615384615384581e-01
9.384615384615384581e-01
9.384615384615384581e-01
9.384615384615384581e-01
9.384615384615384581e-01
9.384615384615384581e-01
9.384615384615384581e-01
9.400000000000000577e-01
9.400000000000000577e-01
9.400000000000000577e-01
9.400000000000000577e-01
9.400000000000000577e-01
9.400000000000000577e-01
9.400000000000000577e-01
9.415384615384615463e-01
9.415384615384615463e-01
9.415384615384615463e-01
9.415384615384615463e-01
9.415384615384615463e-01
9.415384615384615463e-01
9.430769230769231459e-01
9.446153846153846345e-01
9.446153846153846345e-01
9.446153846153846345e-01
9.446153846153846345e-01
9.446153846153846345e-01
9.446153846153846345e-01
9.446153846153846345e-01
9.476923076923077227e-01
9.476923076923077227e-01
9.492307692307692113e-01
9.523076923076922995e-01
9.538461538461537881e-01
9.553846153846153877e-01
9.569230769230768763e-01
9.584615384615384759e-01
9.584615384615384759e-01
9.584615384615384759e-01
9.584615384615384759e-01
9.599999999999999645e-01
9.599999999999999645e-01
9.599999999999999645e-01
9.599999999999999645e-01
9.615384615384614531e-01
9.630769230769230527e-01
9.630769230769230527e-01
9.630769230769230527e-01
9.630769230769230527e-01
9.661538461538462519e-01
9.707692307692308287e-01
9.707692307692308287e-01
9.707692307692308287e-01
9.707692307692308287e-01
9.769230769230770051e-01
9.784615384615384936e-01
9.800000000000000933e-01
9.830769230769231815e-01
9.876923076923077582e-01
9.892307692307692468e-01
9.892307692307692468e-01
9.907692307692308464e-01
9.923076923076923350e-01
9.923076923076923350e-01
9.923076923076923350e-01
9.938461538461538236e-01
9.969230769230769118e-01
9.984615384615385114e-01
9.984615384615385114e-01
1.000000000000000000e+00
1.000000000000000000e+00
1.000000000000000000e+00
1.000000000000000000e+00
