0.000000000000000000e+00
6.846153846153846256e-01
7.815384615384616263e-01
8.292307692307693268e-01
8.676923076923076517e-01
8.800000000000001155e-01
8.815384615384616041e-01
8.846153846153846922e-01
8.923076923076923572e-01
8.984615384615384226e-01
9.292307692307693046e-01
9.323076923076923928e-01
9.338461538461538813e-01
9.369230769230769695e-01
9.369230769230769695e-01
9.369230769230769695e-01
9.507692307692308109e-01
9.507692307692308109e-01
9.507692307692308109e-01
9.569230769230768763e-01
9.615384615384614531e-01
9.615384615384614531e-01
9.630769230769230527e-01
9.676923076923076295e-01
9.676923076923076295e-01
9.676923076923076295e-01
9.707692307692307176e-01
9.723076923076922062e-01
9.738461538461538058e-01
9.753846153846152944e-01
9.753846153846152944e-01
9.784615384615384936e-01
9.800000000000000933e-01
9.815384615384615818e-01
9.846153846153846700e-01
9.861538461538461586e-01
9.861538461538461586e-01
9.861538461538461586e-01
9.861538461538461586e-01
9.892307692307692468e-01
9.892307692307692468e-01
9.907692307692308464e-01
9.907692307692308464e-01
9.907692307692308464e-01
9.907692307692308464e-01
9.923076923076923350e-01
9.953846153846154232e-01
9.969230769230769118e-01
9.969230769230769118e-01
9.969230769230769118e-01
9.969230769230769118e-01
9.984615384615385114e-01
1.000000000000000000e+00
1.000000000000000000e+00
1.000000000000000000e+00
1.000000000000000000e+00
1.000000000000000000e+00
1.000000000000000000e+00
1.000000000000000000e+00
1.000000000000000000e+00
1.000000000000000000e+00
1.000000000000000000e+00
1.000000000000000000e+00
1.000000000000000000e+00
1.000000000000000000e+00
1.000000000000000000e+00
1.000000000000000000e+00
1.000000000000000000e+00
1.000000000000000000e+00
1.000000000000000000e+00
1.000000000000000000e+00
1.000000000000000000e+00
1.000000000000000000e+00
1.000000000000000000e+00
1.000000000000000000e+00
1.000000000000000000e+00
1.000000000000000000e+00
1.000000000000000000e+00
1.000000000000000000e+00
1.000000000000000000e+00
1.000000000000000000e+00
1.000000000000000000e+00
1.000000000000000000e+00
1.000000000000000000e+00
1.000000000000000000e+00
1.000000000000000000e+00
1.000000000000000000e+00
1.000000000000000000e+00
1.000000000000000000e+00
1.000000000000000000e+00
1.000000000000000000e+00
1.000000000000000000e+00
1.000000000000000000e+00
1.000000000000000000e+00
1.000000000000000000e+00
1.000000000000000000e+00
1.000000000000000000e+00
1.000000000000000000e+00
1.000000000000000000e+00
1.000000000000000000e+00
