1.076923076923077052e-02
2.615384615384615599e-02
4.000000000000000083e-02
5.076923076923076789e-02
6.000000000000001166e-02
6.769230769230769051e-02
7.846153846153847145e-02
8.307692307692307598e-02
9.384615384615384304e-02
1.015384615384615496e-01
1.138461538461538608e-01
1.184615384615384653e-01
1.246153846153846140e-01
1.323076923076923206e-01
1.369230769230769529e-01
1.476923076923077061e-01
1.600000000000000033e-01
1.723076923076923284e-01
1.753846153846154166e-01
1.799999999999999933e-01
1.876923076923076861e-01
1.984615384615384948e-01
2.061538461538461320e-01
2.138461538461538525e-01
2.246153846153846056e-01
2.323076923076923261e-01
2.384615384615385025e-01
2.476923076923077116e-01
2.523076923076922884e-01
2.569230769230769207e-01
2.646153846153846412e-01
2.738461538461538503e-01
2.799999999999999711e-01
2.876923076923076361e-01
2.969230769230769562e-01
2.999999999999999889e-01
3.061538461538461098e-01
3.153846153846154299e-01
3.200000000000000067e-01
3.246153846153846390e-01
3.307692307692307598e-01
3.338461538461537925e-01
3.384615384615384248e-01
3.399999999999999689e-01
3.461538461538461453e-01
3.523076923076923217e-01
3.584615384615384981e-01
3.630769230769230749e-01
3.707692307692307954e-01
3.784615384615384603e-01
3.815384615384614930e-01
3.830769230769230371e-01
3.876923076923076694e-01
3.907692307692308131e-01
3.984615384615384781e-01
4.061538461538461431e-01
4.138461538461538081e-01
4.261538461538461608e-01
4.292307692307693046e-01
4.384615384615385136e-01
4.492307692307692113e-01
4.523076923076922995e-01
4.600000000000000755e-01
4.692307692307692291e-01
4.769230769230768940e-01
4.846153846153846700e-01
4.923076923076923350e-01
4.953846153846154232e-01
5.030769230769230882e-01
5.092307692307691536e-01
5.169230769230768185e-01
5.261538461538461942e-01
5.353846153846154587e-01
5.384615384615385469e-01
5.446153846153846123e-01
5.569230769230769651e-01
5.615384615384615419e-01
5.646153846153846301e-01
5.723076923076922951e-01
5.815384615384615596e-01
5.938461538461538014e-01
6.061538461538461542e-01
6.138461538461539302e-01
6.246153846153845723e-01
6.338461538461539480e-01
6.415384615384616129e-01
6.538461538461538547e-01
6.630769230769230083e-01
6.676923076923075850e-01
6.692307692307691847e-01
6.723076923076922728e-01
6.784615384615383382e-01
6.876923076923077138e-01
6.953846153846153788e-01
7.030769230769230438e-01
7.123076923076923084e-01
7.169230769230768852e-01
7.230769230769229505e-01
7.307692307692307265e-01
7.353846153846154143e-01
7.399999999999999911e-01
7.476923076923076561e-01
7.523076923076923439e-01
7.584615384615384093e-01
7.661538461538460743e-01
7.723076923076922506e-01
7.784615384615384270e-01
7.800000000000000266e-01
7.876923076923076916e-01
7.938461538461537570e-01
7.969230769230769562e-01
8.015384615384615330e-01
8.076923076923077094e-01
8.138461538461537748e-01
8.184615384615383515e-01
8.246153846153845279e-01
8.276923076923076161e-01
8.292307692307691047e-01
8.307692307692307043e-01
8.307692307692307043e-01
8.307692307692307043e-01
8.323076923076921929e-01
8.338461538461536815e-01
8.353846153846152811e-01
8.384615384615384803e-01
8.400000000000000799e-01
8.400000000000000799e-01
8.400000000000000799e-01
8.415384615384615685e-01
8.446153846153846567e-01
8.446153846153846567e-01
8.446153846153846567e-01
8.461538461538461453e-01
8.461538461538461453e-01
8.461538461538461453e-01
8.461538461538461453e-01
8.461538461538461453e-01
8.461538461538461453e-01
8.461538461538461453e-01
8.461538461538461453e-01
8.461538461538461453e-01
8.461538461538461453e-01
8.461538461538461453e-01
8.461538461538461453e-01
8.461538461538461453e-01
8.461538461538461453e-01
8.476923076923077449e-01
8.476923076923077449e-01
8.476923076923077449e-01
8.492307692307692335e-01
8.492307692307692335e-01
8.492307692307692335e-01
8.492307692307692335e-01
8.507692307692307221e-01
8.507692307692307221e-01
8.507692307692307221e-01
8.507692307692307221e-01
8.523076923076923217e-01
8.523076923076923217e-01
8.538461538461538103e-01
8.538461538461538103e-01
8.538461538461538103e-01
8.538461538461538103e-01
8.553846153846154099e-01
8.553846153846154099e-01
8.553846153846154099e-01
8.553846153846154099e-01
8.569230769230771205e-01
8.569230769230771205e-01
8.569230769230771205e-01
8.569230769230771205e-01
8.584615384615386091e-01
8.584615384615386091e-01
8.584615384615386091e-01
8.584615384615386091e-01
8.584615384615386091e-01
8.584615384615386091e-01
8.584615384615386091e-01
8.584615384615386091e-01
8.600000000000000977e-01
8.600000000000000977e-01
8.600000000000000977e-01
8.600000000000000977e-01
8.600000000000000977e-01
8.600000000000000977e-01
8.600000000000000977e-01
8.600000000000000977e-01
8.600000000000000977e-01
8.600000000000000977e-01
8.600000000000000977e-01
8.600000000000000977e-01
8.600000000000000977e-01
8.600000000000000977e-01
8.615384615384616973e-01
8.615384615384616973e-01
8.615384615384616973e-01
8.630769230769231859e-01
8.630769230769231859e-01
8.630769230769231859e-01
8.630769230769231859e-01
8.646153846153847855e-01
8.646153846153847855e-01
8.646153846153847855e-01
8.661538461538462741e-01
8.676923076923077627e-01
8.676923076923077627e-01
8.676923076923077627e-01
8.676923076923077627e-01
8.676923076923077627e-01
8.676923076923077627e-01
8.692307692307693623e-01
8.692307692307693623e-01
8.692307692307693623e-01
8.692307692307693623e-01
8.692307692307693623e-01
8.692307692307693623e-01
8.707692307692308509e-01
8.707692307692308509e-01
8.723076923076924505e-01
8.723076923076924505e-01
8.723076923076924505e-01
8.723076923076924505e-01
8.738461538461539391e-01
8.738461538461539391e-01
8.738461538461539391e-01
8.753846153846154277e-01
8.753846153846154277e-01
8.753846153846154277e-01
8.753846153846154277e-01
8.753846153846154277e-01
8.753846153846154277e-01
8.753846153846154277e-01
8.753846153846154277e-01
8.753846153846154277e-01
8.753846153846154277e-01
8.753846153846154277e-01
8.769230769230770273e-01
8.784615384615385159e-01
8.784615384615385159e-01
8.784615384615385159e-01
8.784615384615385159e-01
8.800000000000001155e-01
8.800000000000001155e-01
8.800000000000001155e-01
8.800000000000001155e-01
8.800000000000001155e-01
8.800000000000001155e-01
8.800000000000001155e-01
8.800000000000001155e-01
8.800000000000001155e-01
8.800000000000001155e-01
8.800000000000001155e-01
8.800000000000001155e-01
8.800000000000001155e-01
8.800000000000001155e-01
8.800000000000001155e-01
8.815384615384616041e-01
8.815384615384616041e-01
8.815384615384616041e-01
8.830769230769230926e-01
8.830769230769230926e-01
8.846153846153846922e-01
8.846153846153846922e-01
8.846153846153846922e-01
8.846153846153846922e-01
8.861538461538461808e-01
8.861538461538461808e-01
8.876923076923077804e-01
8.892307692307692690e-01
8.892307692307692690e-01
8.907692307692307576e-01
8.923076923076923572e-01
8.923076923076923572e-01
8.923076923076923572e-01
8.923076923076923572e-01
8.923076923076923572e-01
8.923076923076923572e-01
8.923076923076923572e-01
8.923076923076923572e-01
8.923076923076923572e-01
8.923076923076923572e-01
8.923076923076923572e-01
8.923076923076923572e-01
8.923076923076923572e-01
8.923076923076923572e-01
8.923076923076923572e-01
8.938461538461538458e-01
8.938461538461538458e-01
8.938461538461538458e-01
8.938461538461538458e-01
8.938461538461538458e-01
8.938461538461538458e-01
8.938461538461538458e-01
8.953846153846154454e-01
8.953846153846154454e-01
8.969230769230769340e-01
8.969230769230769340e-01
8.969230769230769340e-01
8.969230769230769340e-01
8.969230769230769340e-01
8.969230769230769340e-01
8.969230769230769340e-01
8.969230769230769340e-01
8.969230769230769340e-01
8.969230769230769340e-01
8.969230769230769340e-01
8.969230769230769340e-01
8.969230769230769340e-01
8.969230769230769340e-01
8.969230769230769340e-01
8.969230769230769340e-01
8.984615384615384226e-01
8.984615384615384226e-01
8.984615384615384226e-01
8.984615384615384226e-01
8.984615384615384226e-01
8.984615384615384226e-01
9.000000000000000222e-01
9.000000000000000222e-01
9.000000000000000222e-01
9.000000000000000222e-01
9.000000000000000222e-01
9.015384615384615108e-01
9.015384615384615108e-01
9.015384615384615108e-01
9.015384615384615108e-01
9.015384615384615108e-01
9.015384615384615108e-01
9.015384615384615108e-01
9.015384615384615108e-01
9.015384615384615108e-01
9.030769230769231104e-01
9.030769230769231104e-01
9.030769230769231104e-01
9.030769230769231104e-01
9.030769230769231104e-01
9.030769230769231104e-01
9.030769230769231104e-01
9.030769230769231104e-01
9.030769230769231104e-01
9.030769230769231104e-01
9.030769230769231104e-01
9.030769230769231104e-01
9.030769230769231104e-01
9.030769230769231104e-01
9.030769230769231104e-01
9.046153846153845990e-01
9.046153846153845990e-01
9.046153846153845990e-01
9.046153846153845990e-01
9.046153846153845990e-01
9.046153846153845990e-01
9.046153846153845990e-01
9.046153846153845990e-01
9.046153846153845990e-01
9.046153846153845990e-01
9.046153846153845990e-01
9.046153846153845990e-01
9.046153846153845990e-01
9.046153846153845990e-01
9.046153846153845990e-01
9.046153846153845990e-01
9.046153846153845990e-01
9.046153846153845990e-01
9.046153846153845990e-01
9.046153846153845990e-01
9.046153846153845990e-01
9.046153846153845990e-01
9.046153846153845990e-01
9.046153846153845990e-01
9.046153846153845990e-01
9.046153846153845990e-01
9.046153846153845990e-01
9.046153846153845990e-01
9.046153846153845990e-01
9.046153846153845990e-01
9.046153846153845990e-01
9.061538461538460876e-01
9.076923076923076872e-01
9.076923076923076872e-01
9.076923076923076872e-01
9.076923076923076872e-01
9.076923076923076872e-01
9.076923076923076872e-01
9.076923076923076872e-01
9.076923076923076872e-01
9.076923076923076872e-01
9.076923076923076872e-01
9.076923076923076872e-01
9.092307692307691758e-01
9.092307692307691758e-01
9.092307692307691758e-01
9.092307692307691758e-01
9.092307692307691758e-01
9.092307692307691758e-01
9.092307692307691758e-01
9.092307692307691758e-01
9.092307692307691758e-01
9.092307692307691758e-01
9.092307692307691758e-01
9.092307692307691758e-01
9.092307692307691758e-01
9.107692307692307754e-01
9.107692307692307754e-01
9.107692307692307754e-01
9.107692307692307754e-01
9.107692307692307754e-01
9.107692307692307754e-01
9.107692307692307754e-01
9.107692307692307754e-01
9.107692307692307754e-01
9.107692307692307754e-01
9.107692307692307754e-01
9.107692307692307754e-01
9.107692307692307754e-01
9.107692307692307754e-01
9.107692307692307754e-01
9.123076923076922640e-01
9.123076923076922640e-01
9.123076923076922640e-01
9.123076923076922640e-01
9.123076923076922640e-01
9.123076923076922640e-01
9.138461538461537526e-01
9.153846153846153522e-01
9.153846153846153522e-01
9.153846153846153522e-01
9.153846153846153522e-01
9.153846153846153522e-01
9.153846153846153522e-01
9.153846153846153522e-01
9.153846153846153522e-01
9.153846153846153522e-01
9.153846153846153522e-01
9.153846153846153522e-01
9.169230769230768407e-01
9.169230769230768407e-01
9.169230769230768407e-01
9.169230769230768407e-01
9.169230769230768407e-01
9.169230769230768407e-01
9.169230769230768407e-01
9.169230769230768407e-01
9.169230769230768407e-01
9.169230769230768407e-01
9.169230769230768407e-01
9.169230769230768407e-01
9.169230769230768407e-01
9.169230769230768407e-01
9.169230769230768407e-01
9.169230769230768407e-01
9.169230769230768407e-01
9.169230769230768407e-01
9.184615384615385514e-01
9.184615384615385514e-01
9.184615384615385514e-01
9.184615384615385514e-01
9.184615384615385514e-01
9.184615384615385514e-01
9.200000000000001510e-01
9.200000000000001510e-01
9.200000000000001510e-01
9.200000000000001510e-01
9.200000000000001510e-01
9.200000000000001510e-01
9.200000000000001510e-01
9.200000000000001510e-01
9.200000000000001510e-01
9.200000000000001510e-01
9.200000000000001510e-01
9.200000000000001510e-01
9.200000000000001510e-01
9.200000000000001510e-01
9.200000000000001510e-01
9.200000000000001510e-01
9.200000000000001510e-01
9.200000000000001510e-01
9.215384615384616396e-01
9.230769230769231282e-01
9.230769230769231282e-01
9.246153846153847278e-01
9.246153846153847278e-01
9.246153846153847278e-01
9.246153846153847278e-01
9.246153846153847278e-01
9.261538461538462164e-01
9.261538461538462164e-01
9.261538461538462164e-01
9.276923076923078160e-01
9.276923076923078160e-01
9.276923076923078160e-01
9.276923076923078160e-01
9.276923076923078160e-01
9.276923076923078160e-01
9.276923076923078160e-01
9.292307692307693046e-01
9.292307692307693046e-01
9.307692307692307931e-01
9.307692307692307931e-01
9.307692307692307931e-01
9.307692307692307931e-01
9.307692307692307931e-01
9.307692307692307931e-01
9.307692307692307931e-01
9.307692307692307931e-01
9.307692307692307931e-01
9.307692307692307931e-01
9.307692307692307931e-01
9.307692307692307931e-01
9.307692307692307931e-01
9.307692307692307931e-01
9.307692307692307931e-01
9.307692307692307931e-01
9.307692307692307931e-01
9.307692307692307931e-01
9.323076923076923928e-01
9.323076923076923928e-01
9.323076923076923928e-01
9.323076923076923928e-01
9.323076923076923928e-01
9.323076923076923928e-01
9.323076923076923928e-01
9.323076923076923928e-01
9.323076923076923928e-01
9.323076923076923928e-01
9.323076923076923928e-01
9.323076923076923928e-01
9.323076923076923928e-01
9.338461538461538813e-01
9.338461538461538813e-01
9.353846153846154809e-01
9.353846153846154809e-01
9.369230769230769695e-01
9.369230769230769695e-01
9.369230769230769695e-01
9.384615384615384581e-01
9.384615384615384581e-01
9.384615384615384581e-01
9.384615384615384581e-01
9.384615384615384581e-01
9.415384615384615463e-01
9.430769230769231459e-01
9.446153846153846345e-01
9.461538461538461231e-01
9.476923076923077227e-01
9.507692307692308109e-01
9.523076923076922995e-01
9.523076923076922995e-01
9.523076923076922995e-01
9.523076923076922995e-01
9.523076923076922995e-01
9.553846153846153877e-01
9.553846153846153877e-01
9.569230769230768763e-01
9.584615384615384759e-01
9.584615384615384759e-01
9.615384615384614531e-01
9.661538461538462519e-01
9.661538461538462519e-01
9.676923076923078515e-01
9.707692307692308287e-01
9.723076923076924283e-01
9.753846153846155165e-01
9.800000000000000933e-01
9.815384615384615818e-01
9.830769230769231815e-01
9.846153846153846700e-01
9.846153846153846700e-01
9.861538461538461586e-01
9.876923076923077582e-01
9.892307692307692468e-01
9.938461538461538236e-01
9.938461538461538236e-01
9.953846153846154232e-01
9.953846153846154232e-01
9.953846153846154232e-01
9.969230769230769118e-01
1.000000000000000000e+00
1.000000000000000000e+00
1.000000000000000000e+00
1.000000000000000000e+00
1.000000000000000000e+00
1.000000000000000000e+00
1.000000000000000000e+00
1.000000000000000000e+00
