1.703718276608302135e-03
3.395632500491835466e-03
5.091481408616958977e-03
6.795199685225261979e-03
8.502852646075151691e-03
1.021444029116663418e-02
1.191815856777493632e-02
1.363761558134959917e-02
1.534133385795790130e-02
1.705292150304937859e-02
1.875270509541609315e-02
2.047216210899075600e-02
2.218768443832382434e-02
2.389927208341530510e-02
2.561872909698996795e-02
2.732244737359827008e-02
2.902223096596497770e-02
3.072201455833169573e-02
3.244540625614793922e-02
3.416486326972260207e-02
3.587645091481408283e-02
3.758016919142238843e-02
3.929175683651386225e-02
4.100334448160534995e-02
4.270706275821365555e-02
4.441865040330512937e-02
4.613417273263820811e-02
4.784182569348809089e-02
4.956128270706276068e-02
5.128073972063741659e-02
5.299232736572889735e-02
5.469998032657878706e-02
5.641550265591186580e-02
5.812709030100333962e-02
5.983474326185324321e-02
6.155813495966948323e-02
6.327365728900255504e-02
6.498131024985244475e-02
6.670076726342710760e-02
6.842022427700175657e-02
7.013574660633484226e-02
7.185913830415109615e-02
7.357859531772574513e-02
7.530592169978359007e-02
7.702144402911667576e-02
7.873696635844971981e-02
8.045248868778280549e-02
8.217194570135746834e-02
8.388353334644896298e-02
8.559512099154042986e-02
8.731851268935668375e-02
8.904583907141452870e-02
9.076529608498917767e-02
9.248868778280541769e-02
9.420027542789691233e-02
9.591186307298840696e-02
9.762345071807987384e-02
9.932323431044658146e-02
1.010466260082628354e-01
1.027542789691127390e-01
1.044579972457210237e-01
1.061813889435372776e-01
1.078929765886287584e-01
1.096006295494786620e-01
1.113122171945701427e-01
1.130238048396616096e-01
1.147353924847530904e-01
1.164587841825693443e-01
1.181703718276608389e-01
1.198858941569939107e-01
1.215974818020853776e-01
1.233051347629352812e-01
1.250127877237851570e-01
1.267361794216014248e-01
1.284517017509344827e-01
1.301514853433012042e-01
1.318709423568758532e-01
1.335943340546921210e-01
1.353059216997835879e-01
1.370135746606334914e-01
1.387133582530001852e-01
1.404131418453669067e-01
1.421247294904583736e-01
1.438284477670666861e-01
1.455361007279166174e-01
1.472476883730080843e-01
1.489474719653747781e-01
1.506551249262246539e-01
1.523745819397993306e-01
1.541019083218571617e-01
1.558253000196734295e-01
1.575408223490064874e-01
1.592484753098563910e-01
1.609600629549478579e-01
1.626716506000393525e-01
1.643793035608892561e-01
1.660987605744639051e-01
1.678142829037969908e-01
1.695258705488884299e-01
1.712453275624631344e-01
1.729647845760377556e-01
1.746763722211292502e-01
1.763958292347039269e-01
1.781113515640369849e-01
1.798229392091284795e-01
1.815384615384615652e-01
1.832539838677946231e-01
1.849813102498524542e-01
1.866928978949439488e-01
1.884084202242770067e-01
1.901318119220932468e-01
1.918512689356678957e-01
1.935667912650009814e-01
1.952823135943340394e-01
1.970017706079087438e-01
1.987172929372417740e-01
2.004406846350580140e-01
2.021680110171158729e-01
2.038953373991737317e-01
2.056265984654731815e-01
2.073578595317725759e-01
2.090851859138304347e-01
2.108125122958882380e-01
2.125398386779460969e-01
2.142632303757623369e-01
2.159905567578201957e-01
2.177218178241195901e-01
2.194530788904190399e-01
2.211804052724768987e-01
2.229037969702931110e-01
2.246350580365925609e-01
2.263663191028920108e-01
2.280936454849498141e-01
2.298249065512492639e-01
2.315561676175486860e-01
2.332874286838481359e-01
2.350186897501475580e-01
2.367499508164470079e-01
2.384812118827464023e-01
2.402124729490458521e-01
2.419437340153452465e-01
2.436749950816447241e-01
2.454062561479441185e-01
2.471375172142435406e-01
2.488687782805429904e-01
2.506000393468424403e-01
2.523273657289002436e-01
2.540586267951996935e-01
2.557898878614991434e-01
2.575172142435569467e-01
2.592484753098563965e-01
2.609797363761557909e-01
2.627109974424552408e-01
2.644383238245130441e-01
2.661695848908124939e-01
2.679008459571119438e-01
2.696321070234113937e-01
2.713594334054692525e-01
2.730906944717686469e-01
2.748180208538264502e-01
2.765492819201259556e-01
2.782805429864253499e-01
2.800118040527247443e-01
2.817391304347826031e-01
2.834703915010819975e-01
2.852016525673814473e-01
2.869329136336808972e-01
2.886602400157387005e-01
2.903915010820381504e-01
2.921227621483376002e-01
2.938540232146370501e-01
2.955813495966948534e-01
2.973126106629943033e-01
2.990438717292936976e-01
3.007751327955931475e-01
3.025063938618925974e-01
3.042376549281920473e-01
3.059689159944914971e-01
3.077001770607908915e-01
3.094275034428487503e-01
3.111587645091481447e-01
3.128900255754475945e-01
3.146212866417469889e-01
3.163525477080463832e-01
3.180838087743458331e-01
3.198150698406452830e-01
3.215463309069447329e-01
3.232775919732441272e-01
3.250088530395435771e-01
3.267401141058429714e-01
3.284713751721424768e-01
3.302026362384418157e-01
3.319338973047413210e-01
3.336612236867991799e-01
3.353924847530985742e-01
3.371237458193979686e-01
3.388510722014558274e-01
3.405823332677552773e-01
3.423135943340546716e-01
3.440448554003541215e-01
3.457721817824119803e-01
3.475034428487113747e-01
3.492347039150108245e-01
3.509620302970686834e-01
3.526893566791264867e-01
3.544206177454259366e-01
3.561518788117253864e-01
3.578831398780247808e-01
3.596144009443242306e-01
3.613456620106236805e-01
3.630729883926814838e-01
3.648042494589809337e-01
3.665355105252803281e-01
3.682667715915797779e-01
3.699980326578791723e-01
3.717292937241786221e-01
3.734566201062364810e-01
3.751878811725358753e-01
3.769152075545937342e-01
3.786464686208931840e-01
3.803777296871925229e-01
3.821089907534919727e-01
3.838363171355498871e-01
3.855675782018492259e-01
3.872988392681487868e-01
3.890261656502065901e-01
3.907574267165059845e-01
3.924886877828054343e-01
3.942199488491048287e-01
3.959512099154043341e-01
3.976824709817037284e-01
3.994137320480031783e-01
4.011449931143026282e-01
4.028762541806020225e-01
4.046075152469014169e-01
4.063387763132008668e-01
4.080661026952586701e-01
4.097934290773165289e-01
4.115246901436159233e-01
4.132559512099154841e-01
4.149872122762148230e-01
4.167145386582727373e-01
4.184457997245720762e-01
4.201770607908715260e-01
4.219083218571709759e-01
4.236395829234703148e-01
4.253708439897698201e-01
4.271021050560692700e-01
4.288333661223687199e-01
4.305646271886680587e-01
4.322958882549675086e-01
4.340271493212670140e-01
4.357584103875664638e-01
4.374896714538658027e-01
4.392209325201652526e-01
4.409521935864647024e-01
4.426795199685225057e-01
4.444107810348219556e-01
4.461420421011214055e-01
4.478693684831792088e-01
4.496006295494787142e-01
4.513279559315365175e-01
4.530592169978359118e-01
4.547904780641353062e-01
4.565217391304347561e-01
4.582490655124926704e-01
4.599803265787920092e-01
4.617076529608498126e-01
4.634349793429077269e-01
4.651662404092071768e-01
4.668935667912649801e-01
4.686208931733228944e-01
4.703521542396223443e-01
4.720834153059216831e-01
4.738146763722211330e-01
4.755459374385205829e-01
4.772771985048199772e-01
4.790084595711194271e-01
4.807397206374188769e-01
4.824709817037183268e-01
4.842022427700176657e-01
4.859335038363171710e-01
4.876647649026165654e-01
4.893960259689159598e-01
4.911272870352154096e-01
4.928585481015148595e-01
4.945858744835726628e-01
4.963171355498721127e-01
4.980483966161715625e-01
4.997796576824710124e-01
5.015109187487704068e-01
5.032421798150698011e-01
5.049734408813693065e-01
5.067007672634270543e-01
5.084320283297265597e-01
5.101593547117844185e-01
5.118906157780838129e-01
5.136218768443832072e-01
5.153531379106827126e-01
5.170843989769821070e-01
5.188156600432816123e-01
5.205469211095808957e-01
5.222781821758804011e-01
5.240094432421797954e-01
5.257407043084791898e-01
5.274719653747786952e-01
5.292032264410780895e-01
5.309344875073774839e-01
5.326657485736769893e-01
5.343970096399763836e-01
5.361282707062757780e-01
5.378555970883336368e-01
5.395868581546331422e-01
5.413181192209324255e-01
5.430493802872320419e-01
5.447806413535314363e-01
5.465119024198308306e-01
5.482392288018888005e-01
5.499704898681880838e-01
5.517017509344875892e-01
5.534330120007868725e-01
5.551642730670863779e-01
5.568915994491442367e-01
5.586228605154436311e-01
5.603541215817430254e-01
5.620853826480425308e-01
5.638166437143418142e-01
5.655479047806413195e-01
5.672791658469408249e-01
5.690104269132402193e-01
5.707416879795396136e-01
5.724690143615973614e-01
5.742002754278969778e-01
5.759315364941963722e-01
5.776627975604957665e-01
5.793940586267952719e-01
5.811253196930945553e-01
5.828565807593940606e-01
5.845878418256933440e-01
5.863191028919929604e-01
5.880503639582924658e-01
5.897816250245917491e-01
5.915128860908911435e-01
5.932441471571905378e-01
5.949754082234901542e-01
5.967066692897893265e-01
5.984339956718472964e-01
6.001652567381468018e-01
6.018965178044461961e-01
6.036277788707455905e-01
6.053590399370449848e-01
6.070903010033444902e-01
6.088215620696439956e-01
6.105528231359433899e-01
6.122840842022427843e-01
6.140153452685421787e-01
6.157466063348415730e-01
6.174778674011409674e-01
6.192091284674404728e-01
6.209403895337399781e-01
6.226716506000393725e-01
6.244029116663387668e-01
6.261341727326381612e-01
6.278654337989376666e-01
6.295966948652369499e-01
6.313279559315364553e-01
6.330592169978359607e-01
6.347904780641353550e-01
6.365217391304347494e-01
6.382530001967341438e-01
6.399842612630336491e-01
6.417155223293331545e-01
6.434467833956325489e-01
6.451780444619319432e-01
6.469093055282313376e-01
6.486405665945307319e-01
6.503718276608301263e-01
6.520991540428879851e-01
6.538264804249458440e-01
6.555577414912452383e-01
6.572890025575447437e-01
6.590202636238441380e-01
6.607515246901436434e-01
6.624827857564430378e-01
6.642140468227424321e-01
6.659453078890418265e-01
6.676765689553413319e-01
6.694078300216408373e-01
6.711390910879402316e-01
6.728664174699980904e-01
6.745976785362974848e-01
6.763289396025968792e-01
6.780602006688962735e-01
6.797914617351956679e-01
6.815227228014951733e-01
6.832539838677946786e-01
6.849852449340940730e-01
6.867165060003934673e-01
6.884477670666928617e-01
6.901790281329923671e-01
6.919102891992917614e-01
6.936415502655911558e-01
6.953688766476491256e-01
6.971001377139484090e-01
6.988313987802479144e-01
7.005626598465474197e-01
7.022939209128467031e-01
7.040251819791463195e-01
7.057564430454456028e-01
7.074877041117451082e-01
7.092189651780445026e-01
7.109502262443438969e-01
7.126814873106432913e-01
7.144127483769426856e-01
7.161440094432423020e-01
7.178752705095415854e-01
7.196065315758410907e-01
7.213338579578989496e-01
7.230651190241983439e-01
7.247963800904976273e-01
7.265276411567971326e-01
7.282589022230966380e-01
7.299901632893960324e-01
7.317174896714537802e-01
7.334448160535117500e-01
7.351760771198111444e-01
7.369073381861104277e-01
7.386385992524100441e-01
7.403698603187094385e-01
7.421011213850088328e-01
7.438323824513083382e-01
7.455636435176076215e-01
7.472949045839071269e-01
7.490261656502065213e-01
7.507574267165060267e-01
7.524847530985637745e-01
7.542160141648632798e-01
7.559472752311627852e-01
7.576785362974620686e-01
7.594097973637615739e-01
7.611410584300609683e-01
7.628723194963604737e-01
7.646035805626598680e-01
7.663348416289592624e-01
7.680661026952587678e-01
7.697973637615580511e-01
7.715286248278576675e-01
7.732598858941569508e-01
7.749911469604564562e-01
7.767224080267559616e-01
7.784536690930552449e-01
7.801849301593547503e-01
7.819161912256541447e-01
7.836435176077120035e-01
7.853747786740113979e-01
7.871060397403107922e-01
7.888373008066104086e-01
7.905685618729096920e-01
7.922998229392091973e-01
7.940271493212669451e-01
7.957584103875664505e-01
7.974896714538657339e-01
7.992209325201653503e-01
8.009521935864647446e-01
8.026834546527640279e-01
8.044147157190636444e-01
8.061459767853629277e-01
8.078772378516625441e-01
8.096084989179619384e-01
8.113397599842612218e-01
8.130710210505606161e-01
8.148022821168601215e-01
8.165335431831595159e-01
8.182648042494589102e-01
8.199960653157584156e-01
8.217273263820578100e-01
8.234585874483573154e-01
8.251859138304151742e-01
8.269132402124729220e-01
8.286445012787725384e-01
8.303718276608302862e-01
8.321030887271296805e-01
8.338343497934290749e-01
8.355656108597285803e-01
8.372968719260279746e-01
8.390241983080857224e-01
8.407554593743851168e-01
8.424867204406847332e-01
8.442140468227424810e-01
8.459453078890419864e-01
8.476765689553413807e-01
8.494078300216407751e-01
8.511390910879402805e-01
8.528703521542396748e-01
8.546016132205391802e-01
8.563289396025968170e-01
8.580602006688963224e-01
8.597875270509540702e-01
8.615187881172536866e-01
8.632500491835530809e-01
8.649813102498524753e-01
8.667125713161517586e-01
8.684438323824512640e-01
8.701750934487508804e-01
8.719063545150502748e-01
8.736376155813495581e-01
8.753688766476489524e-01
8.771001377139484578e-01
8.788313987802478522e-01
8.805626598465472465e-01
8.822939209128467519e-01
8.840251819791461463e-01
8.857564430454456517e-01
8.874877041117450460e-01
8.892189651780444404e-01
8.909462915601024102e-01
8.926775526264016936e-01
8.944088136927013100e-01
8.961400747590004823e-01
8.978713358252999877e-01
8.996025968915993820e-01
9.013338579578988874e-01
9.030651190241982817e-01
9.047963800904976761e-01
9.065276411567971815e-01
9.082589022230965758e-01
9.099901632893960812e-01
9.117214243556954756e-01
9.134487507377532234e-01
9.151800118040528398e-01
9.169073381861105876e-01
9.186385992524099819e-01
9.203659256344677297e-01
9.220971867007673461e-01
9.238284477670667405e-01
9.255557741491244883e-01
9.272870352154238827e-01
9.290182962817233880e-01
9.307456226637812469e-01
9.324729490458389947e-01
9.341924060594137824e-01
9.359118630729884591e-01
9.376234507180798428e-01
9.393350383631714484e-01
9.410466260082628320e-01
9.427503442848710336e-01
9.444501278772378106e-01
9.461459767853629410e-01
9.478378910092464249e-01
9.495298052331300198e-01
9.512217194570133927e-01
9.529057643124139165e-01
9.545976785362974004e-01
9.562856580759394598e-01
9.579736376155812971e-01
9.596655518394650031e-01
9.613495966948653049e-01
9.630139681290575959e-01
9.646822742474917556e-01
9.663387763132009756e-01
9.679795396419436093e-01
9.696163682864449296e-01
9.712492622467046033e-01
9.728742868384812059e-01
9.745032461144992331e-01
9.761322053905174823e-01
9.777611646665356204e-01
9.793901239425537586e-01
9.810033444816055326e-01
9.826047609679322559e-01
9.841943734015344836e-01
9.857525083612038719e-01
9.872949045839071180e-01
9.888058233326775248e-01
9.902852646075152032e-01
9.917332284084203753e-01
9.931379106826676573e-01
9.944757033248080580e-01
9.957348022821168598e-01
9.968719260279362837e-01
9.978516624040920657e-01
9.986818807790674990e-01
9.993665158371041191e-01
9.999055675782019259e-01
1.000000000000000000e+00
