0.000000000000000000e+00
6.815384615384615374e-01
7.169230769230769962e-01
7.353846153846153033e-01
8.000000000000000444e-01
8.307692307692308153e-01
8.430769230769230571e-01
8.800000000000001155e-01
8.815384615384616041e-01
8.876923076923077804e-01
9.123076923076924860e-01
9.138461538461539746e-01
9.246153846153847278e-01
9.276923076923078160e-01
9.323076923076923928e-01
9.323076923076923928e-01
9.384615384615384581e-01
9.384615384615384581e-01
9.415384615384615463e-01
9.415384615384615463e-01
9.461538461538461231e-01
9.461538461538461231e-01
9.492307692307692113e-01
9.538461538461537881e-01
9.553846153846153877e-01
9.553846153846153877e-01
9.569230769230768763e-01
9.599999999999999645e-01
9.630769230769230527e-01
9.630769230769230527e-01
9.646153846153845413e-01
9.646153846153845413e-01
9.661538461538461409e-01
9.661538461538461409e-01
9.661538461538461409e-01
9.661538461538461409e-01
9.723076923076924283e-01
9.753846153846155165e-01
9.753846153846155165e-01
9.753846153846155165e-01
9.815384615384615818e-01
9.830769230769231815e-01
9.892307692307692468e-01
9.907692307692308464e-01
9.923076923076923350e-01
9.953846153846154232e-01
9.953846153846154232e-01
9.953846153846154232e-01
9.969230769230769118e-01
9.984615384615385114e-01
9.984615384615385114e-01
9.984615384615385114e-01
9.984615384615385114e-01
9.984615384615385114e-01
9.984615384615385114e-01
9.984615384615385114e-01
9.984615384615385114e-01
9.984615384615385114e-01
9.984615384615385114e-01
9.984615384615385114e-01
1.000000000000000000e+00
1.000000000000000000e+00
1.000000000000000000e+00
1.000000000000000000e+00
1.000000000000000000e+00
1.000000000000000000e+00
1.000000000000000000e+00
1.000000000000000000e+00
1.000000000000000000e+00
1.000000000000000000e+00
1.000000000000000000e+00
1.000000000000000000e+00
1.000000000000000000e+00
1.000000000000000000e+00
1.000000000000000000e+00
1.000000000000000000e+00
1.000000000000000000e+00
1.000000000000000000e+00
1.000000000000000000e+00
1.000000000000000000e+00
1.000000000000000000e+00
1.000000000000000000e+00
1.000000000000000000e+00
1.000000000000000000e+00
1.000000000000000000e+00
1.000000000000000000e+00
1.000000000000000000e+00
1.000000000000000000e+00
1.000000000000000000e+00
1.000000000000000000e+00
1.000000000000000000e+00
1.000000000000000000e+00
1.000000000000000000e+00
1.000000000000000000e+00
1.000000000000000000e+00
1.000000000000000000e+00
1.000000000000000000e+00
1.000000000000000000e+00
1.000000000000000000e+00
1.000000000000000000e+00
