0.000000000000000000e+00
1.026164000000000104e-01
1.366020000000000012e-01
1.601319999999999966e-01
1.823560000000000181e-01
2.045780000000000098e-01
2.267979999999999996e-01
2.614380000000000592e-01
2.725500000000000145e-01
3.071900000000000186e-01
3.516320000000000556e-01
3.738559999999999661e-01
3.967299999999999716e-01
4.084939999999999682e-01
4.307159999999999878e-01
4.535939999999999972e-01
4.875820000000000154e-01
4.875820000000000154e-01
5.339880000000001292e-01
5.568640000000000256e-01
5.568640000000000256e-01
5.568640000000000256e-01
5.797399999999999221e-01
6.019619999999999971e-01
6.359499999999999043e-01
6.699360000000000870e-01
7.156879999999998798e-01
7.496739999999999515e-01
7.614379999999999482e-01
7.614379999999999482e-01
7.732040000000000024e-01
7.849679999999999991e-01
7.849679999999999991e-01
7.967319999999999958e-01
7.967319999999999958e-01
7.967319999999999958e-01
8.078419999999999490e-01
8.078419999999999490e-01
8.196060000000000567e-01
8.196060000000000567e-01
8.196060000000000567e-01
8.196060000000000567e-01
8.196060000000000567e-01
8.196060000000000567e-01
8.196060000000000567e-01
8.196060000000000567e-01
8.196060000000000567e-01
8.196060000000000567e-01
8.196060000000000567e-01
8.196060000000000567e-01
8.196060000000000567e-01
8.196060000000000567e-01
8.196060000000000567e-01
8.196060000000000567e-01
8.307180000000000675e-01
8.418280000000001317e-01
8.418280000000001317e-01
8.418280000000001317e-01
8.418280000000001317e-01
8.418280000000001317e-01
8.418280000000001317e-01
8.418280000000001317e-01
8.418280000000001317e-01
8.418280000000001317e-01
8.535939999999999639e-01
8.535939999999999639e-01
8.535939999999999639e-01
8.535939999999999639e-01
8.535939999999999639e-01
8.535939999999999639e-01
8.535939999999999639e-01
8.535939999999999639e-01
8.535939999999999639e-01
8.535939999999999639e-01
8.535939999999999639e-01
8.535939999999999639e-01
8.535939999999999639e-01
8.535939999999999639e-01
8.535939999999999639e-01
8.535939999999999639e-01
8.535939999999999639e-01
8.535939999999999639e-01
8.535939999999999639e-01
8.535939999999999639e-01
8.535939999999999639e-01
8.535939999999999639e-01
8.535939999999999639e-01
8.535939999999999639e-01
8.535939999999999639e-01
8.535939999999999639e-01
8.535939999999999639e-01
8.535939999999999639e-01
8.535939999999999639e-01
8.535939999999999639e-01
8.535939999999999639e-01
8.535939999999999639e-01
8.535939999999999639e-01
8.535939999999999639e-01
8.535939999999999639e-01
8.535939999999999639e-01
8.535939999999999639e-01
8.535939999999999639e-01
8.535939999999999639e-01
8.535939999999999639e-01
8.535939999999999639e-01
8.535939999999999639e-01
8.535939999999999639e-01
8.535939999999999639e-01
8.535939999999999639e-01
8.535939999999999639e-01
8.535939999999999639e-01
8.535939999999999639e-01
8.535939999999999639e-01
8.535939999999999639e-01
8.535939999999999639e-01
8.535939999999999639e-01
8.535939999999999639e-01
8.535939999999999639e-01
8.535939999999999639e-01
8.535939999999999639e-01
8.653600000000001291e-01
8.653600000000001291e-01
8.653600000000001291e-01
8.653600000000001291e-01
8.653600000000001291e-01
8.653600000000001291e-01
8.653600000000001291e-01
8.653600000000001291e-01
8.653600000000001291e-01
8.653600000000001291e-01
8.653600000000001291e-01
8.653600000000001291e-01
8.653600000000001291e-01
8.653600000000001291e-01
8.653600000000001291e-01
8.653600000000001291e-01
8.653600000000001291e-01
8.771240000000000148e-01
8.771240000000000148e-01
8.771240000000000148e-01
8.771240000000000148e-01
8.771240000000000148e-01
8.771240000000000148e-01
8.771240000000000148e-01
8.771240000000000148e-01
8.771240000000000148e-01
8.771240000000000148e-01
8.771240000000000148e-01
8.771240000000000148e-01
8.771240000000000148e-01
8.771240000000000148e-01
8.771240000000000148e-01
8.771240000000000148e-01
8.771240000000000148e-01
8.771240000000000148e-01
8.771240000000000148e-01
8.771240000000000148e-01
8.771240000000000148e-01
8.771240000000000148e-01
8.771240000000000148e-01
8.771240000000000148e-01
8.771240000000000148e-01
8.771240000000000148e-01
8.771240000000000148e-01
8.771240000000000148e-01
8.771240000000000148e-01
8.771240000000000148e-01
8.771240000000000148e-01
8.771240000000000148e-01
8.771240000000000148e-01
8.771240000000000148e-01
8.771240000000000148e-01
8.771240000000000148e-01
8.771240000000000148e-01
8.771240000000000148e-01
8.882360000000000255e-01
8.882360000000000255e-01
8.882360000000000255e-01
8.882360000000000255e-01
8.882360000000000255e-01
8.882360000000000255e-01
8.882360000000000255e-01
8.882360000000000255e-01
8.882360000000000255e-01
8.882360000000000255e-01
8.882360000000000255e-01
8.882360000000000255e-01
8.882360000000000255e-01
8.882360000000000255e-01
8.882360000000000255e-01
8.882360000000000255e-01
8.882360000000000255e-01
8.882360000000000255e-01
8.882360000000000255e-01
8.882360000000000255e-01
8.882360000000000255e-01
8.882360000000000255e-01
8.882360000000000255e-01
8.882360000000000255e-01
8.882360000000000255e-01
8.993460000000000898e-01
8.993460000000000898e-01
8.993460000000000898e-01
8.993460000000000898e-01
8.993460000000000898e-01
8.993460000000000898e-01
8.993460000000000898e-01
9.104579999999999895e-01
9.104579999999999895e-01
9.104579999999999895e-01
9.104579999999999895e-01
9.104579999999999895e-01
9.104579999999999895e-01
9.104579999999999895e-01
9.104579999999999895e-01
9.104579999999999895e-01
9.104579999999999895e-01
9.104579999999999895e-01
9.104579999999999895e-01
9.104579999999999895e-01
9.104579999999999895e-01
9.104579999999999895e-01
9.104579999999999895e-01
9.104579999999999895e-01
9.104579999999999895e-01
9.104579999999999895e-01
9.104579999999999895e-01
9.104579999999999895e-01
9.104579999999999895e-01
9.104579999999999895e-01
9.104579999999999895e-01
9.104579999999999895e-01
9.104579999999999895e-01
9.104579999999999895e-01
9.104579999999999895e-01
9.104579999999999895e-01
9.104579999999999895e-01
9.104579999999999895e-01
9.104579999999999895e-01
9.104579999999999895e-01
9.215700000000000003e-01
9.215700000000000003e-01
9.215700000000000003e-01
9.215700000000000003e-01
9.215700000000000003e-01
9.215700000000000003e-01
9.215700000000000003e-01
9.215700000000000003e-01
9.215700000000000003e-01
9.215700000000000003e-01
9.215700000000000003e-01
9.333339999999999970e-01
9.333339999999999970e-01
9.333339999999999970e-01
9.333339999999999970e-01
9.333339999999999970e-01
9.333339999999999970e-01
9.333339999999999970e-01
9.333339999999999970e-01
9.333339999999999970e-01
9.333339999999999970e-01
9.333339999999999970e-01
9.333339999999999970e-01
9.333339999999999970e-01
9.333339999999999970e-01
9.333339999999999970e-01
9.333339999999999970e-01
9.333339999999999970e-01
9.333339999999999970e-01
9.333339999999999970e-01
9.333339999999999970e-01
9.333339999999999970e-01
9.333339999999999970e-01
9.333339999999999970e-01
9.333339999999999970e-01
9.333339999999999970e-01
9.333339999999999970e-01
9.333339999999999970e-01
9.333339999999999970e-01
9.333339999999999970e-01
9.333339999999999970e-01
9.333339999999999970e-01
9.333339999999999970e-01
9.333339999999999970e-01
9.333339999999999970e-01
9.333339999999999970e-01
9.333339999999999970e-01
9.333339999999999970e-01
9.333339999999999970e-01
9.333339999999999970e-01
9.333339999999999970e-01
9.333339999999999970e-01
9.333339999999999970e-01
9.333339999999999970e-01
9.333339999999999970e-01
9.333339999999999970e-01
9.333339999999999970e-01
9.333339999999999970e-01
9.333339999999999970e-01
9.333339999999999970e-01
9.333339999999999970e-01
9.333339999999999970e-01
9.333339999999999970e-01
9.333339999999999970e-01
9.333339999999999970e-01
9.333339999999999970e-01
9.333339999999999970e-01
9.333339999999999970e-01
9.444440000000000612e-01
9.444440000000000612e-01
9.444440000000000612e-01
9.444440000000000612e-01
9.555540000000000145e-01
9.555540000000000145e-01
9.555540000000000145e-01
9.555540000000000145e-01
9.555540000000000145e-01
9.555540000000000145e-01
9.555540000000000145e-01
9.555540000000000145e-01
9.555540000000000145e-01
9.555540000000000145e-01
9.555540000000000145e-01
9.555540000000000145e-01
9.555540000000000145e-01
9.555540000000000145e-01
9.555540000000000145e-01
9.555540000000000145e-01
9.555540000000000145e-01
9.555540000000000145e-01
9.555540000000000145e-01
9.555540000000000145e-01
9.666640000000000787e-01
9.666640000000000787e-01
9.666640000000000787e-01
9.666640000000000787e-01
9.666640000000000787e-01
9.666640000000000787e-01
9.666640000000000787e-01
9.666640000000000787e-01
9.666640000000000787e-01
9.666640000000000787e-01
9.666640000000000787e-01
9.666640000000000787e-01
9.666640000000000787e-01
9.666640000000000787e-01
9.666640000000000787e-01
9.666640000000000787e-01
9.666640000000000787e-01
9.666640000000000787e-01
9.666640000000000787e-01
9.666640000000000787e-01
9.666640000000000787e-01
9.666640000000000787e-01
9.666640000000000787e-01
9.666640000000000787e-01
9.666640000000000787e-01
9.666640000000000787e-01
9.666640000000000787e-01
9.666640000000000787e-01
9.666640000000000787e-01
9.666640000000000787e-01
9.666640000000000787e-01
9.666640000000000787e-01
9.666640000000000787e-01
9.666640000000000787e-01
9.666640000000000787e-01
9.666640000000000787e-01
9.666640000000000787e-01
9.666640000000000787e-01
9.666640000000000787e-01
9.666640000000000787e-01
9.666640000000000787e-01
9.666640000000000787e-01
9.666640000000000787e-01
9.666640000000000787e-01
9.666640000000000787e-01
9.666640000000000787e-01
9.666640000000000787e-01
9.666640000000000787e-01
9.666640000000000787e-01
9.666640000000000787e-01
9.666640000000000787e-01
9.666640000000000787e-01
9.666640000000000787e-01
9.666640000000000787e-01
9.666640000000000787e-01
9.666640000000000787e-01
9.666640000000000787e-01
9.666640000000000787e-01
9.666640000000000787e-01
9.666640000000000787e-01
9.666640000000000787e-01
9.666640000000000787e-01
9.666640000000000787e-01
9.666640000000000787e-01
9.777760000000000895e-01
9.777760000000000895e-01
9.777760000000000895e-01
9.777760000000000895e-01
9.777760000000000895e-01
9.777760000000000895e-01
9.777760000000000895e-01
9.777760000000000895e-01
9.777760000000000895e-01
9.777760000000000895e-01
9.777760000000000895e-01
9.777760000000000895e-01
9.777760000000000895e-01
9.777760000000000895e-01
9.777760000000000895e-01
9.777760000000000895e-01
9.777760000000000895e-01
9.777760000000000895e-01
9.777760000000000895e-01
9.777760000000000895e-01
9.777760000000000895e-01
9.777760000000000895e-01
9.777760000000000895e-01
9.777760000000000895e-01
9.777760000000000895e-01
9.777760000000000895e-01
9.777760000000000895e-01
9.777760000000000895e-01
9.777760000000000895e-01
9.777760000000000895e-01
9.777760000000000895e-01
9.777760000000000895e-01
9.777760000000000895e-01
9.777760000000000895e-01
9.777760000000000895e-01
9.777760000000000895e-01
9.777760000000000895e-01
9.777760000000000895e-01
9.777760000000000895e-01
9.777760000000000895e-01
9.777760000000000895e-01
9.777760000000000895e-01
9.777760000000000895e-01
9.777760000000000895e-01
9.777760000000000895e-01
9.777760000000000895e-01
9.777760000000000895e-01
9.777760000000000895e-01
9.777760000000000895e-01
9.777760000000000895e-01
9.777760000000000895e-01
9.777760000000000895e-01
9.777760000000000895e-01
9.777760000000000895e-01
9.777760000000000895e-01
9.777760000000000895e-01
9.777760000000000895e-01
9.777760000000000895e-01
9.777760000000000895e-01
9.777760000000000895e-01
9.777760000000000895e-01
9.777760000000000895e-01
9.777760000000000895e-01
9.777760000000000895e-01
9.777760000000000895e-01
9.777760000000000895e-01
9.777760000000000895e-01
9.777760000000000895e-01
9.777760000000000895e-01
9.777760000000000895e-01
9.777760000000000895e-01
9.777760000000000895e-01
9.777760000000000895e-01
9.777760000000000895e-01
9.777760000000000895e-01
9.777760000000000895e-01
9.777760000000000895e-01
9.777760000000000895e-01
9.777760000000000895e-01
9.777760000000000895e-01
9.777760000000000895e-01
9.777760000000000895e-01
9.777760000000000895e-01
9.777760000000000895e-01
9.777760000000000895e-01
9.777760000000000895e-01
9.777760000000000895e-01
9.777760000000000895e-01
9.777760000000000895e-01
9.777760000000000895e-01
9.777760000000000895e-01
9.777760000000000895e-01
9.777760000000000895e-01
9.777760000000000895e-01
9.777760000000000895e-01
9.777760000000000895e-01
9.777760000000000895e-01
9.777760000000000895e-01
9.777760000000000895e-01
9.777760000000000895e-01
9.777760000000000895e-01
9.777760000000000895e-01
9.777760000000000895e-01
9.777760000000000895e-01
9.777760000000000895e-01
9.777760000000000895e-01
9.777760000000000895e-01
9.777760000000000895e-01
9.777760000000000895e-01
9.777760000000000895e-01
9.777760000000000895e-01
9.777760000000000895e-01
9.777760000000000895e-01
9.777760000000000895e-01
9.777760000000000895e-01
9.777760000000000895e-01
9.777760000000000895e-01
9.777760000000000895e-01
9.777760000000000895e-01
9.777760000000000895e-01
9.777760000000000895e-01
9.777760000000000895e-01
9.777760000000000895e-01
9.777760000000000895e-01
9.777760000000000895e-01
9.777760000000000895e-01
9.777760000000000895e-01
9.777760000000000895e-01
9.777760000000000895e-01
9.777760000000000895e-01
9.777760000000000895e-01
9.777760000000000895e-01
9.777760000000000895e-01
9.777760000000000895e-01
9.777760000000000895e-01
9.777760000000000895e-01
9.777760000000000895e-01
9.777760000000000895e-01
9.777760000000000895e-01
9.777760000000000895e-01
9.777760000000000895e-01
9.777760000000000895e-01
9.777760000000000895e-01
9.777760000000000895e-01
9.777760000000000895e-01
9.777760000000000895e-01
9.777760000000000895e-01
9.777760000000000895e-01
9.777760000000000895e-01
9.777760000000000895e-01
9.777760000000000895e-01
9.777760000000000895e-01
9.777760000000000895e-01
9.777760000000000895e-01
9.777760000000000895e-01
9.777760000000000895e-01
9.777760000000000895e-01
9.777760000000000895e-01
9.777760000000000895e-01
9.777760000000000895e-01
9.777760000000000895e-01
9.777760000000000895e-01
9.777760000000000895e-01
9.777760000000000895e-01
9.777760000000000895e-01
9.777760000000000895e-01
9.777760000000000895e-01
9.777760000000000895e-01
9.777760000000000895e-01
9.777760000000000895e-01
9.777760000000000895e-01
9.777760000000000895e-01
9.777760000000000895e-01
9.777760000000000895e-01
9.777760000000000895e-01
9.777760000000000895e-01
9.777760000000000895e-01
9.777760000000000895e-01
9.777760000000000895e-01
9.777760000000000895e-01
9.777760000000000895e-01
9.777760000000000895e-01
9.777760000000000895e-01
9.777760000000000895e-01
9.777760000000000895e-01
9.777760000000000895e-01
9.777760000000000895e-01
9.777760000000000895e-01
9.777760000000000895e-01
9.777760000000000895e-01
9.777760000000000895e-01
9.777760000000000895e-01
9.777760000000000895e-01
9.777760000000000895e-01
9.777760000000000895e-01
9.777760000000000895e-01
9.777760000000000895e-01
9.777760000000000895e-01
9.777760000000000895e-01
9.777760000000000895e-01
9.777760000000000895e-01
9.777760000000000895e-01
9.777760000000000895e-01
9.777760000000000895e-01
9.777760000000000895e-01
9.777760000000000895e-01
9.777760000000000895e-01
9.777760000000000895e-01
9.777760000000000895e-01
9.777760000000000895e-01
9.777760000000000895e-01
9.777760000000000895e-01
9.777760000000000895e-01
9.777760000000000895e-01
9.777760000000000895e-01
9.777760000000000895e-01
9.777760000000000895e-01
9.777760000000000895e-01
9.777760000000000895e-01
9.777760000000000895e-01
9.777760000000000895e-01
9.777760000000000895e-01
9.777760000000000895e-01
9.777760000000000895e-01
9.777760000000000895e-01
9.777760000000000895e-01
9.777760000000000895e-01
9.777760000000000895e-01
9.777760000000000895e-01
9.777760000000000895e-01
9.777760000000000895e-01
9.777760000000000895e-01
9.777760000000000895e-01
9.777760000000000895e-01
9.777760000000000895e-01
9.777760000000000895e-01
9.777760000000000895e-01
9.777760000000000895e-01
9.777760000000000895e-01
9.777760000000000895e-01
9.777760000000000895e-01
9.777760000000000895e-01
9.777760000000000895e-01
9.777760000000000895e-01
9.777760000000000895e-01
9.777760000000000895e-01
9.777760000000000895e-01
9.777760000000000895e-01
9.777760000000000895e-01
9.777760000000000895e-01
9.888879999999999892e-01
9.888879999999999892e-01
9.888879999999999892e-01
9.888879999999999892e-01
9.888879999999999892e-01
9.888879999999999892e-01
9.888879999999999892e-01
9.888879999999999892e-01
9.888879999999999892e-01
9.888879999999999892e-01
9.888879999999999892e-01
9.888879999999999892e-01
9.888879999999999892e-01
9.888879999999999892e-01
1.000000000000000000e+00
1.000000000000000000e+00
1.000000000000000000e+00
1.000000000000000000e+00
1.000000000000000000e+00
1.000000000000000000e+00
1.000000000000000000e+00
1.000000000000000000e+00
1.000000000000000000e+00
1.000000000000000000e+00
1.000000000000000000e+00
1.000000000000000000e+00
1.000000000000000000e+00
1.000000000000000000e+00
1.000000000000000000e+00
1.000000000000000000e+00
1.000000000000000000e+00
1.000000000000000000e+00
1.000000000000000000e+00
1.000000000000000000e+00
1.000000000000000000e+00
1.000000000000000000e+00
1.000000000000000000e+00
1.000000000000000000e+00
1.000000000000000000e+00
1.000000000000000000e+00
1.000000000000000000e+00
1.000000000000000000e+00
1.000000000000000000e+00
1.000000000000000000e+00
1.000000000000000000e+00
1.000000000000000000e+00
1.000000000000000000e+00
1.000000000000000000e+00
1.000000000000000000e+00
1.000000000000000000e+00
1.000000000000000000e+00
1.000000000000000000e+00
1.000000000000000000e+00
1.000000000000000000e+00
1.000000000000000000e+00
1.000000000000000000e+00
1.000000000000000000e+00
1.000000000000000000e+00
1.000000000000000000e+00
1.000000000000000000e+00
1.000000000000000000e+00
1.000000000000000000e+00
1.000000000000000000e+00
1.000000000000000000e+00
1.000000000000000000e+00
1.000000000000000000e+00
1.000000000000000000e+00
1.000000000000000000e+00
1.000000000000000000e+00
1.000000000000000000e+00
1.000000000000000000e+00
1.000000000000000000e+00
1.000000000000000000e+00
1.000000000000000000e+00
1.000000000000000000e+00
1.000000000000000000e+00
1.000000000000000000e+00
1.000000000000000000e+00
1.000000000000000000e+00
1.000000000000000000e+00
1.000000000000000000e+00
1.000000000000000000e+00
1.000000000000000000e+00
1.000000000000000000e+00
1.000000000000000000e+00
1.000000000000000000e+00
1.000000000000000000e+00
1.000000000000000000e+00
1.000000000000000000e+00
1.000000000000000000e+00
1.000000000000000000e+00
1.000000000000000000e+00
1.000000000000000000e+00
1.000000000000000000e+00
1.000000000000000000e+00
1.000000000000000000e+00
1.000000000000000000e+00
1.000000000000000000e+00
1.000000000000000000e+00
1.000000000000000000e+00
1.000000000000000000e+00
1.000000000000000000e+00
1.000000000000000000e+00
1.000000000000000000e+00
1.000000000000000000e+00
1.000000000000000000e+00
1.000000000000000000e+00
1.000000000000000000e+00
1.000000000000000000e+00
1.000000000000000000e+00
1.000000000000000000e+00
1.000000000000000000e+00
1.000000000000000000e+00
1.000000000000000000e+00
1.000000000000000000e+00
1.000000000000000000e+00
1.000000000000000000e+00
1.000000000000000000e+00
1.000000000000000000e+00
1.000000000000000000e+00
1.000000000000000000e+00
1.000000000000000000e+00
1.000000000000000000e+00
1.000000000000000000e+00
1.000000000000000000e+00
1.000000000000000000e+00
1.000000000000000000e+00
1.000000000000000000e+00
1.000000000000000000e+00
1.000000000000000000e+00
1.000000000000000000e+00
1.000000000000000000e+00
1.000000000000000000e+00
1.000000000000000000e+00
1.000000000000000000e+00
1.000000000000000000e+00
1.000000000000000000e+00
1.000000000000000000e+00
1.000000000000000000e+00
1.000000000000000000e+00
1.000000000000000000e+00
1.000000000000000000e+00
1.000000000000000000e+00
1.000000000000000000e+00
1.000000000000000000e+00
1.000000000000000000e+00
1.000000000000000000e+00
1.000000000000000000e+00
1.000000000000000000e+00
1.000000000000000000e+00
1.000000000000000000e+00
1.000000000000000000e+00
1.000000000000000000e+00
1.000000000000000000e+00
1.000000000000000000e+00
1.000000000000000000e+00
1.000000000000000000e+00
1.000000000000000000e+00
1.000000000000000000e+00
1.000000000000000000e+00
1.000000000000000000e+00
1.000000000000000000e+00
1.000000000000000000e+00
1.000000000000000000e+00
1.000000000000000000e+00
1.000000000000000000e+00
1.000000000000000000e+00
1.000000000000000000e+00
1.000000000000000000e+00
1.000000000000000000e+00
1.000000000000000000e+00
1.000000000000000000e+00
1.000000000000000000e+00
1.000000000000000000e+00
1.000000000000000000e+00
1.000000000000000000e+00
1.000000000000000000e+00
1.000000000000000000e+00
1.000000000000000000e+00
1.000000000000000000e+00
1.000000000000000000e+00
1.000000000000000000e+00
1.000000000000000000e+00
1.000000000000000000e+00
1.000000000000000000e+00
1.000000000000000000e+00
1.000000000000000000e+00
1.000000000000000000e+00
1.000000000000000000e+00
1.000000000000000000e+00
1.000000000000000000e+00
1.000000000000000000e+00
1.000000000000000000e+00
1.000000000000000000e+00
1.000000000000000000e+00
1.000000000000000000e+00
1.000000000000000000e+00
1.000000000000000000e+00
1.000000000000000000e+00
1.000000000000000000e+00
1.000000000000000000e+00
1.000000000000000000e+00
1.000000000000000000e+00
1.000000000000000000e+00
1.000000000000000000e+00
1.000000000000000000e+00
1.000000000000000000e+00
1.000000000000000000e+00
1.000000000000000000e+00
1.000000000000000000e+00
1.000000000000000000e+00
1.000000000000000000e+00
1.000000000000000000e+00
1.000000000000000000e+00
1.000000000000000000e+00
1.000000000000000000e+00
1.000000000000000000e+00
1.000000000000000000e+00
1.000000000000000000e+00
1.000000000000000000e+00
1.000000000000000000e+00
1.000000000000000000e+00
1.000000000000000000e+00
1.000000000000000000e+00
1.000000000000000000e+00
1.000000000000000000e+00
1.000000000000000000e+00
1.000000000000000000e+00
1.000000000000000000e+00
1.000000000000000000e+00
1.000000000000000000e+00
1.000000000000000000e+00
1.000000000000000000e+00
1.000000000000000000e+00
1.000000000000000000e+00
1.000000000000000000e+00
1.000000000000000000e+00
1.000000000000000000e+00
1.000000000000000000e+00
1.000000000000000000e+00
1.000000000000000000e+00
1.000000000000000000e+00
1.000000000000000000e+00
1.000000000000000000e+00
1.000000000000000000e+00
1.000000000000000000e+00
1.000000000000000000e+00
1.000000000000000000e+00
1.000000000000000000e+00
1.000000000000000000e+00
1.000000000000000000e+00
1.000000000000000000e+00
1.000000000000000000e+00
1.000000000000000000e+00
1.000000000000000000e+00
1.000000000000000000e+00
1.000000000000000000e+00
1.000000000000000000e+00
1.000000000000000000e+00
1.000000000000000000e+00
1.000000000000000000e+00
1.000000000000000000e+00
1.000000000000000000e+00
1.000000000000000000e+00
1.000000000000000000e+00
1.000000000000000000e+00
1.000000000000000000e+00
1.000000000000000000e+00
1.000000000000000000e+00
1.000000000000000000e+00
1.000000000000000000e+00
1.000000000000000000e+00
1.000000000000000000e+00
1.000000000000000000e+00
1.000000000000000000e+00
1.000000000000000000e+00
1.000000000000000000e+00
1.000000000000000000e+00
1.000000000000000000e+00
1.000000000000000000e+00
1.000000000000000000e+00
1.000000000000000000e+00
1.000000000000000000e+00
1.000000000000000000e+00
1.000000000000000000e+00
1.000000000000000000e+00
1.000000000000000000e+00
1.000000000000000000e+00
1.000000000000000000e+00
1.000000000000000000e+00
1.000000000000000000e+00
1.000000000000000000e+00
1.000000000000000000e+00
1.000000000000000000e+00
1.000000000000000000e+00
1.000000000000000000e+00
1.000000000000000000e+00
1.000000000000000000e+00
1.000000000000000000e+00
1.000000000000000000e+00
1.000000000000000000e+00
1.000000000000000000e+00
1.000000000000000000e+00
1.000000000000000000e+00
1.000000000000000000e+00
1.000000000000000000e+00
1.000000000000000000e+00
1.000000000000000000e+00
1.000000000000000000e+00
1.000000000000000000e+00
1.000000000000000000e+00
1.000000000000000000e+00
1.000000000000000000e+00
1.000000000000000000e+00
1.000000000000000000e+00
1.000000000000000000e+00
1.000000000000000000e+00
1.000000000000000000e+00
1.000000000000000000e+00
1.000000000000000000e+00
1.000000000000000000e+00
1.000000000000000000e+00
1.000000000000000000e+00
1.000000000000000000e+00
1.000000000000000000e+00
1.000000000000000000e+00
1.000000000000000000e+00
1.000000000000000000e+00
1.000000000000000000e+00
1.000000000000000000e+00
1.000000000000000000e+00
1.000000000000000000e+00
1.000000000000000000e+00
1.000000000000000000e+00
1.000000000000000000e+00
1.000000000000000000e+00
1.000000000000000000e+00
1.000000000000000000e+00
1.000000000000000000e+00
1.000000000000000000e+00
1.000000000000000000e+00
1.000000000000000000e+00
1.000000000000000000e+00
1.000000000000000000e+00
1.000000000000000000e+00
1.000000000000000000e+00
1.000000000000000000e+00
1.000000000000000000e+00
1.000000000000000000e+00
1.000000000000000000e+00
1.000000000000000000e+00
1.000000000000000000e+00
1.000000000000000000e+00
1.000000000000000000e+00
