0.000000000000000000e+00
7.830769230769231148e-01
8.107692307692306866e-01
8.430769230769230571e-01
8.830769230769230926e-01
9.107692307692307754e-01
9.246153846153847278e-01
9.323076923076923928e-01
9.400000000000000577e-01
9.523076923076922995e-01
9.553846153846153877e-01
9.569230769230768763e-01
9.599999999999999645e-01
9.661538461538461409e-01
9.661538461538461409e-01
9.676923076923076295e-01
9.769230769230770051e-01
9.769230769230770051e-01
9.800000000000000933e-01
9.800000000000000933e-01
9.830769230769231815e-01
9.846153846153846700e-01
9.846153846153846700e-01
9.907692307692308464e-01
9.923076923076923350e-01
9.923076923076923350e-01
9.923076923076923350e-01
9.923076923076923350e-01
9.923076923076923350e-01
9.938461538461538236e-01
9.938461538461538236e-01
9.938461538461538236e-01
9.938461538461538236e-01
9.953846153846154232e-01
9.953846153846154232e-01
9.953846153846154232e-01
9.953846153846154232e-01
9.953846153846154232e-01
9.969230769230769118e-01
9.984615384615385114e-01
9.984615384615385114e-01
1.000000000000000000e+00
1.000000000000000000e+00
1.000000000000000000e+00
1.000000000000000000e+00
1.000000000000000000e+00
1.000000000000000000e+00
1.000000000000000000e+00
1.000000000000000000e+00
1.000000000000000000e+00
1.000000000000000000e+00
1.000000000000000000e+00
1.000000000000000000e+00
1.000000000000000000e+00
1.000000000000000000e+00
1.000000000000000000e+00
1.000000000000000000e+00
1.000000000000000000e+00
1.000000000000000000e+00
1.000000000000000000e+00
1.000000000000000000e+00
1.000000000000000000e+00
1.000000000000000000e+00
1.000000000000000000e+00
1.000000000000000000e+00
1.000000000000000000e+00
1.000000000000000000e+00
1.000000000000000000e+00
1.000000000000000000e+00
1.000000000000000000e+00
1.000000000000000000e+00
1.000000000000000000e+00
1.000000000000000000e+00
1.000000000000000000e+00
1.000000000000000000e+00
1.000000000000000000e+00
1.000000000000000000e+00
1.000000000000000000e+00
1.000000000000000000e+00
1.000000000000000000e+00
1.000000000000000000e+00
1.000000000000000000e+00
1.000000000000000000e+00
1.000000000000000000e+00
1.000000000000000000e+00
1.000000000000000000e+00
1.000000000000000000e+00
1.000000000000000000e+00
1.000000000000000000e+00
1.000000000000000000e+00
1.000000000000000000e+00
1.000000000000000000e+00
1.000000000000000000e+00
1.000000000000000000e+00
1.000000000000000000e+00
1.000000000000000000e+00
1.000000000000000000e+00
1.000000000000000000e+00
1.000000000000000000e+00
1.000000000000000000e+00
