1.723391697816250429e-03
3.450718079874089735e-03
5.166240409207161106e-03
6.881762738540232911e-03
8.609089120598070050e-03
1.033248081841432221e-02
1.205587251623057264e-02
1.378713358252999996e-02
1.551445996458783970e-02
1.722604760967932219e-02
1.895337399173716020e-02
2.068070037379500514e-02
2.240015738736966106e-02
2.410781034821955077e-02
2.583120204603580466e-02
2.754672437536887994e-02
2.926224670470194827e-02
3.098957308675978628e-02
3.271296478457604018e-02
3.443635648239228714e-02
3.614400944324218379e-02
3.785953177257524865e-02
3.958292347039150255e-02
4.130238048396615846e-02
4.301396812905764616e-02
4.473342514263230207e-02
4.646468620893173113e-02
4.817627385402321188e-02
4.989179618335628369e-02
5.159944914420618034e-02
5.331497147353925214e-02
5.503049380287231701e-02
5.675388550068857091e-02
5.847727719850483175e-02
6.018493015935470758e-02
6.190045248868778632e-02
6.361597481802086507e-02
6.532756246311233195e-02
6.703521542396222166e-02
6.871926027936257897e-02
7.043871729293724182e-02
7.214637025378714541e-02
7.385795789887861229e-02
7.557348022821168410e-02
7.728900255754475590e-02
7.900452488687782771e-02
8.072791658469406773e-02
8.243556954554397131e-02
8.413535313791067893e-02
8.583120204603580938e-02
8.754672437536888119e-02
8.925044265197717985e-02
9.096596498131025166e-02
9.269329136336808272e-02
9.440094432421798631e-02
9.612827070627583126e-02
9.785166240409207128e-02
9.957505410190833905e-02
1.012866417469997921e-01
1.030021640763328639e-01
1.047294904583907088e-01
1.064489474719653578e-01
1.081684044855400345e-01
1.098878614991146974e-01
1.115876450914814050e-01
1.132913633680897175e-01
1.150108203816643526e-01
1.167224080267558473e-01
1.184300609876057370e-01
1.201495180011804137e-01
1.218689750147550627e-01
1.235726932913633752e-01
1.252882156206964470e-01
1.269879992130631408e-01
1.286956521739130443e-01
1.304033051347629479e-01
1.321227621483375692e-01
1.338264804249458817e-01
1.355341333857957853e-01
1.372457210308872799e-01
1.389691127287035199e-01
1.406767656895533958e-01
1.423804839661617083e-01
1.440960062954947940e-01
1.458075939405862609e-01
1.475152469014361645e-01
1.492150304938028582e-01
1.509266181388943528e-01
1.526421404682274385e-01
1.543419240605941600e-01
1.560653157584104000e-01
1.577847727719850490e-01
1.595042297855597258e-01
1.612197521148927559e-01
1.629392091284674327e-01
1.646547314578005183e-01
1.663505803659256210e-01
1.680542986425339336e-01
1.697855597088333834e-01
1.714971473539248503e-01
1.732087349990163450e-01
1.749281920125909939e-01
1.766476490261656429e-01
1.783513673027739554e-01
1.800708243163486322e-01
1.817942160141648722e-01
1.835097383434979579e-01
1.852291953570726069e-01
1.869407830021640737e-01
1.886405665945307952e-01
1.903600236081054720e-01
1.920676765689553478e-01
1.937792642140468424e-01
1.954947865433798726e-01
1.972221129254377314e-01
1.989376352547707894e-01
2.006570922683454383e-01
2.023686799134369330e-01
2.040723981900452455e-01
2.057879205193783034e-01
2.075152469014361345e-01
2.092425732834940211e-01
2.109698996655518521e-01
2.126932913633680644e-01
2.144166830611843599e-01
2.161479441274837543e-01
2.178752705095416131e-01
2.196025968915994164e-01
2.213299232736572753e-01
2.230611843399567251e-01
2.247924454062561472e-01
2.265237064725555971e-01
2.282510328546134004e-01
2.299822939209128503e-01
2.317017509344874993e-01
2.334290773165453581e-01
2.351564036986031891e-01
2.368837300806610480e-01
2.386149911469604423e-01
2.403423175290183289e-01
2.420735785953177233e-01
2.438009049773755821e-01
2.455282313594334132e-01
2.472555577414912720e-01
2.489750147550659209e-01
2.507062758213653431e-01
2.524336022034232019e-01
2.541569939012394141e-01
2.558843202832973285e-01
2.576155813495967228e-01
2.593429077316545261e-01
2.610741687979539760e-01
2.628014951800118348e-01
2.645327562463112292e-01
2.662600826283690880e-01
2.679874090104268913e-01
2.697186700767263412e-01
2.714459964587842000e-01
2.731654534723588768e-01
2.748927798544166246e-01
2.766161715522329478e-01
2.783356285658075691e-01
2.800668896321070744e-01
2.817902813299232312e-01
2.835215423962226811e-01
2.852528034625221309e-01
2.869840645288215808e-01
2.887153255951209752e-01
2.904465866614204250e-01
2.921699783592366373e-01
2.938933700570529051e-01
2.956206964391107639e-01
2.973519575054102138e-01
2.990832185717096081e-01
3.008144796380090580e-01
3.025457407043085079e-01
3.042770017706079022e-01
3.060082628369073521e-01
3.077395239032067464e-01
3.094629156010230142e-01
3.111902419830808730e-01
3.129136336808970853e-01
3.146409600629549441e-01
3.163682864450127474e-01
3.180916781428290152e-01
3.198229392091284096e-01
3.215542002754278594e-01
3.232854613417273093e-01
3.250167224080267592e-01
3.267479834743262090e-01
3.284753098563840124e-01
3.302065709226834622e-01
3.319378319889828566e-01
3.336690930552823064e-01
3.354003541215817563e-01
3.371316151878812062e-01
3.388628762541806005e-01
3.405941373204800504e-01
3.423253983867794448e-01
3.440566594530788391e-01
3.457879205193782890e-01
3.475152469014360923e-01
3.492465079677355977e-01
3.509698996655518100e-01
3.527011607318512598e-01
3.544324217981507652e-01
3.561597481802085130e-01
3.578910092465079629e-01
3.596222703128074127e-01
3.613495966948652161e-01
3.630808577611647214e-01
3.648121188274641158e-01
3.665433798937635101e-01
3.682746409600629600e-01
3.700059020263624099e-01
3.717332284084202132e-01
3.734644894747196631e-01
3.751957505410191129e-01
3.769230769230769162e-01
3.786543379893763106e-01
3.803855990556758160e-01
3.821168601219752103e-01
3.838481211882746602e-01
3.855754475703324635e-01
3.873067086366319134e-01
3.890379697029313077e-01
3.907692307692307576e-01
3.925004918355302630e-01
3.942317529018296018e-01
3.959630139681290517e-01
3.976903403501869105e-01
3.994216014164863049e-01
4.011489277985441637e-01
4.028801888648436136e-01
4.046114499311430635e-01
4.063387763132008668e-01
4.080661026952586701e-01
4.097973637615581199e-01
4.115286248278575698e-01
4.132598858941570197e-01
4.149911469604564696e-01
4.167224080267558639e-01
4.184536690930553138e-01
4.201849301593546526e-01
4.219161912256542135e-01
4.236474522919535524e-01
4.253787133582530022e-01
4.271021050560692700e-01
4.288294314381270733e-01
4.305606925044265232e-01
4.322919535707259731e-01
4.340232146370254229e-01
4.357505410190832262e-01
4.374778674011411406e-01
4.392091284674404794e-01
4.409403895337399293e-01
4.426677159157977326e-01
4.443989769820971825e-01
4.461302380483965768e-01
4.478614991146960267e-01
4.495927601809954766e-01
4.513240212472949264e-01
4.530552823135943763e-01
4.547865433798937707e-01
4.565178044461931650e-01
4.582490655124925594e-01
4.599803265787920092e-01
4.617037182766082770e-01
4.634349793429077269e-01
4.651623057249655302e-01
4.668935667912649801e-01
4.686208931733227834e-01
4.703482195553806977e-01
4.720794806216801476e-01
4.738068070037379509e-01
4.755380680700374008e-01
4.772693291363368506e-01
4.790005902026361895e-01
4.807318512689356393e-01
4.824631123352350892e-01
4.841904387172929480e-01
4.859216997835923979e-01
4.876529608498918478e-01
4.893842219161911866e-01
4.911154829824906365e-01
4.928467440487900864e-01
4.945780051150895362e-01
4.963053314971473395e-01
4.980365925634467894e-01
4.997678536297461838e-01
5.014991146960456891e-01
5.032303757623450835e-01
5.049537674601614068e-01
5.066850285264606901e-01
5.084162895927601955e-01
5.101436159748180543e-01
5.118748770411174487e-01
5.136061381074168430e-01
5.153373991737162374e-01
5.170647255557742072e-01
5.187959866220734906e-01
5.205272476883729960e-01
5.222585087546723903e-01
5.239897698209718957e-01
5.257210308872712901e-01
5.274483572693291489e-01
5.291796183356285432e-01
5.309069447176864021e-01
5.326382057839859074e-01
5.343694668502851908e-01
5.361007279165846962e-01
5.378280542986425550e-01
5.395593153649420604e-01
5.412905764312413437e-01
5.430179028132993135e-01
5.447491638795987079e-01
5.464804249458981023e-01
5.482116860121974966e-01
5.499390123942553554e-01
5.516702734605548608e-01
5.534015345268541441e-01
5.551327955931537605e-01
5.568640566594531549e-01
5.585953177257525493e-01
5.603226441078104081e-01
5.620539051741098024e-01
5.637812315561675502e-01
5.655124926224670556e-01
5.672437536887665610e-01
5.689750147550659554e-01
5.707062758213654607e-01
5.724375368876647441e-01
5.741687979539642495e-01
5.759000590202636438e-01
5.776313200865630382e-01
5.793625811528624325e-01
5.810938422191619379e-01
5.828251032854614433e-01
5.845563643517607266e-01
5.862876254180602320e-01
5.880188864843596264e-01
5.897462128664174852e-01
5.914696045642336975e-01
5.932008656305332028e-01
5.949321266968325972e-01
5.966633877631319915e-01
5.983946488294314969e-01
6.001259098957307803e-01
6.018571709620302856e-01
6.035884320283297910e-01
6.053196930946291854e-01
6.070509541609286908e-01
6.087822152272279741e-01
6.105134762935274795e-01
6.122447373598267628e-01
6.139759984261262682e-01
6.157072594924256626e-01
6.174385205587251679e-01
6.191697816250245623e-01
6.209010426913239566e-01
6.226323037576234620e-01
6.243635648239228564e-01
6.260948258902223618e-01
6.278221522722799985e-01
6.295534133385796149e-01
6.312807397206374738e-01
6.330120007869368681e-01
6.347353924847530804e-01
6.364666535510525858e-01
6.381979146173518691e-01
6.399291756836513745e-01
6.416604367499507688e-01
6.433916978162502742e-01
6.451190241983081330e-01
6.468502852646075274e-01
6.485815463309070328e-01
6.503128073972063161e-01
6.520440684635057105e-01
6.537753295298051048e-01
6.554947865433798926e-01
6.572260476096792869e-01
6.589573086759786813e-01
6.606885697422781867e-01
6.624158961243360455e-01
6.641471571906354399e-01
6.658784182569349452e-01
6.676096793232343396e-01
6.693409403895337340e-01
6.710722014558331283e-01
6.728034625221326337e-01
6.745347235884319170e-01
6.762659846547314224e-01
6.779972457210309278e-01
6.797285067873303221e-01
6.814558331693881810e-01
6.831870942356875753e-01
6.849183553019869697e-01
6.866456816840449395e-01
6.883769427503442229e-01
6.901042691324021927e-01
6.918355301987016981e-01
6.935667912650009814e-01
6.952980523313004868e-01
6.970293133975997701e-01
6.987605744638992755e-01
7.004918355301986699e-01
7.022230965964981753e-01
7.039543576627976806e-01
7.056856187290969640e-01
7.074168797953964694e-01
7.091481408616957527e-01
7.108794019279952581e-01
7.126106629942946524e-01
7.143419240605941578e-01
7.160731851268936632e-01
7.178044461931929465e-01
7.195278378910092698e-01
7.212590989573086642e-01
7.229903600236081695e-01
7.247176864056659173e-01
7.264450127877238872e-01
7.281762738540231705e-01
7.299075349203226759e-01
7.316387959866220703e-01
7.333700570529214646e-01
7.350973834349793234e-01
7.368286445012788288e-01
7.385599055675782232e-01
7.402911666338776175e-01
7.420224277001770119e-01
7.437536887664765173e-01
7.454810151485343761e-01
7.472083415305921239e-01
7.489396025968915183e-01
7.506708636631909126e-01
7.524021247294905290e-01
7.541333857957899234e-01
7.558646468620893177e-01
7.575919732441471766e-01
7.593232343104465709e-01
7.610544953767460763e-01
7.627857564430453596e-01
7.645170175093449760e-01
7.662482785756443704e-01
7.679795396419437647e-01
7.697108007082432701e-01
7.714420617745425535e-01
7.731733228408420588e-01
7.749045839071413422e-01
7.766358449734409586e-01
7.783671060397402419e-01
7.800983671060397473e-01
7.818256934880976061e-01
7.835569545543970005e-01
7.852882156206965059e-01
7.870194766869957892e-01
7.887507377532952946e-01
7.904819988195945779e-01
7.922132598858941943e-01
7.939445209521936997e-01
7.956757820184929830e-01
7.974031084005508418e-01
7.991304347826087007e-01
8.008616958489082061e-01
8.025929569152076004e-01
8.043242179815071058e-01
8.060554790478062781e-01
8.077867401141058945e-01
8.095101318119219957e-01
8.112413928782216122e-01
8.129726539445207845e-01
8.147039150108204009e-01
8.164312413928781487e-01
8.181625024591776540e-01
8.198937635254770484e-01
8.216250245917764428e-01
8.233562856580760592e-01
8.250875467243753425e-01
8.268188077906748479e-01
8.285500688569742422e-01
8.302813299232736366e-01
8.320125909895731420e-01
8.337438520558725363e-01
8.354751131221718197e-01
8.372063741884714361e-01
8.389376352547707194e-01
8.406688963210703358e-01
8.424001573873696191e-01
8.441314184536690135e-01
8.458626795199684079e-01
8.475939405862679132e-01
8.493252016525673076e-01
8.510564627188668130e-01
8.527837891009246718e-01
8.545150501672240662e-01
8.562463112335235715e-01
8.579736376155814304e-01
8.597048986818809357e-01
8.614361597481801081e-01
8.631674208144796134e-01
8.648986818807790078e-01
8.666299429470786242e-01
8.683612040133779075e-01
8.700924650796773019e-01
8.718197914617352717e-01
8.735510525280345551e-01
8.752823135943341715e-01
8.770096399763918082e-01
8.787409010426913136e-01
8.804721621089907080e-01
8.822034231752902134e-01
8.839346842415896077e-01
8.856620106236473555e-01
8.873893370057052143e-01
8.891205980720048307e-01
8.908518591383041141e-01
8.925831202046037305e-01
8.943143812709030138e-01
8.960456423372024082e-01
8.977690340350186204e-01
8.994924257328348327e-01
9.012236867991344491e-01
9.029549478654338435e-01
9.046862089317331268e-01
9.064174699980327432e-01
9.081487310643320265e-01
9.098799921306316429e-01
9.116073185126893907e-01
9.133385795789887851e-01
9.150698406452881795e-01
9.168011017115876848e-01
9.185323627778870792e-01
9.202636238441865846e-01
9.219948849104859789e-01
9.237261459767853733e-01
9.254574070430846566e-01
9.271847334251427375e-01
9.289120598072002633e-01
9.306393861892583441e-01
9.323588432028330208e-01
9.340822349006492331e-01
9.358056265984654454e-01
9.375250836120401221e-01
9.392406059413731523e-01
9.409521935864646469e-01
9.426480424945898884e-01
9.443438914027149078e-01
9.460436749950815738e-01
9.477434585874483508e-01
9.494393074955734813e-01
9.511351564036987227e-01
9.528270706275820956e-01
9.545189848514656905e-01
9.562108990753491744e-01
9.579028132992327693e-01
9.595907928388746067e-01
9.612748376942749085e-01
9.629549478654337857e-01
9.646193192996262988e-01
9.662718866810939833e-01
9.679205193783199102e-01
9.695652173913043015e-01
9.712099154042886928e-01
9.728506787330317707e-01
9.744875073775329799e-01
9.761204013377927646e-01
9.777454259295691452e-01
9.793743852055871724e-01
9.809876057446389463e-01
9.825968915994490738e-01
9.841707652960849373e-01
9.857367696242376187e-01
9.872831005311824004e-01
9.888018886484359893e-01
9.902813299232736677e-01
9.917214243556955466e-01
9.931300413141844752e-01
9.944875073775328866e-01
9.957780838087743058e-01
9.969191422388353763e-01
9.978713358252999654e-01
9.986740114105844279e-01
9.993586464686208259e-01
9.998898288412355617e-01
1.000000000000000000e+00
