3.076923076923076920e-03
4.615384615384615814e-03
1.076923076923077052e-02
1.692307692307692263e-02
1.846153846153846326e-02
2.153846153846154104e-02
2.461538461538461536e-02
2.461538461538461536e-02
2.615384615384615599e-02
3.384615384615384526e-02
3.538461538461538936e-02
3.692307692307692651e-02
4.153846153846153799e-02
5.076923076923076789e-02
5.384615384615385608e-02
6.000000000000001166e-02
6.615384615384616029e-02
6.769230769230769051e-02
7.076923076923076483e-02
7.384615384615385303e-02
8.307692307692307598e-02
8.923076923076923850e-02
9.230769230769231282e-02
9.692307692307693123e-02
1.046153846153846240e-01
1.092307692307692424e-01
1.092307692307692424e-01
1.169230769230769351e-01
1.230769230769230838e-01
1.323076923076923206e-01
1.384615384615384692e-01
1.446153846153846179e-01
1.476923076923076783e-01
1.507692307692307943e-01
1.600000000000000033e-01
1.661538461538461797e-01
1.723076923076923284e-01
1.800000000000000211e-01
1.892307692307692579e-01
2.076923076923077038e-01
2.123076923076923639e-01
2.215384615384615452e-01
2.292307692307692102e-01
2.353846153846153866e-01
2.415384615384615352e-01
2.476923076923077116e-01
2.507692307692307443e-01
2.600000000000000089e-01
2.723076923076922506e-01
2.861538461538462030e-01
2.923076923076923239e-01
3.030769230769231326e-01
3.092307692307692535e-01
3.107692307692307976e-01
3.199999999999999512e-01
3.215384615384614952e-01
3.246153846153846390e-01
3.276923076923077272e-01
3.353846153846153921e-01
3.415384615384615130e-01
3.430769230769230571e-01
3.476923076923076894e-01
3.523076923076923217e-01
3.569230769230769540e-01
3.692307692307691958e-01
3.800000000000000044e-01
3.846153846153846922e-01
3.923076923076923572e-01
4.015384615384615108e-01
4.061538461538461431e-01
4.107692307692307199e-01
4.215384615384615286e-01
4.276923076923077049e-01
4.400000000000000577e-01
4.492307692307692113e-01
4.584615384615384204e-01
4.630769230769230527e-01
4.738461538461538614e-01
4.830769230769231259e-01
4.907692307692307909e-01
4.938461538461538791e-01
5.030769230769231992e-01
5.138461538461538414e-01
5.200000000000000178e-01
5.276923076923076827e-01
5.369230769230768363e-01
5.492307692307691891e-01
5.569230769230768541e-01
5.630769230769230305e-01
5.753846153846153832e-01
5.784615384615384714e-01
5.830769230769230482e-01
5.876923076923076250e-01
5.938461538461538014e-01
5.984615384615383782e-01
6.046153846153845546e-01
6.184615384615385070e-01
6.292307692307692601e-01
6.292307692307692601e-01
6.369230769230769251e-01
6.446153846153845901e-01
6.492307692307692779e-01
6.538461538461539657e-01
6.646153846153846079e-01
6.692307692307692957e-01
6.723076923076922728e-01
6.784615384615384492e-01
6.830769230769230260e-01
6.907692307692306910e-01
7.030769230769229328e-01
7.076923076923076206e-01
7.169230769230769962e-01
7.246153846153846612e-01
7.307692307692308376e-01
7.323076923076923261e-01
7.384615384615385025e-01
7.430769230769230793e-01
7.507692307692308553e-01
7.615384615384616085e-01
7.676923076923076739e-01
7.692307692307692735e-01
7.707692307692307621e-01
7.723076923076923617e-01
7.753846153846153388e-01
7.784615384615384270e-01
7.784615384615384270e-01
7.800000000000000266e-01
7.815384615384615152e-01
7.830769230769230038e-01
7.830769230769230038e-01
7.830769230769230038e-01
7.830769230769230038e-01
7.846153846153846034e-01
7.846153846153846034e-01
7.892307692307691802e-01
7.907692307692306688e-01
7.923076923076922684e-01
7.938461538461537570e-01
7.938461538461537570e-01
7.953846153846153566e-01
7.953846153846153566e-01
7.969230769230769562e-01
7.984615384615384448e-01
8.000000000000000444e-01
8.046153846153846212e-01
8.046153846153846212e-01
8.061538461538461098e-01
8.092307692307691980e-01
8.107692307692306866e-01
8.107692307692306866e-01
8.123076923076922862e-01
8.123076923076922862e-01
8.138461538461537748e-01
8.138461538461537748e-01
8.153846153846153744e-01
8.169230769230768630e-01
8.169230769230768630e-01
8.184615384615383515e-01
8.230769230769231504e-01
8.246153846153847500e-01
8.276923076923077272e-01
8.323076923076924150e-01
8.323076923076924150e-01
8.353846153846153921e-01
8.353846153846153921e-01
8.353846153846153921e-01
8.353846153846153921e-01
8.353846153846153921e-01
8.353846153846153921e-01
8.384615384615384803e-01
8.415384615384615685e-01
8.430769230769230571e-01
8.430769230769230571e-01
8.430769230769230571e-01
8.430769230769230571e-01
8.430769230769230571e-01
8.430769230769230571e-01
8.430769230769230571e-01
8.430769230769230571e-01
8.461538461538461453e-01
8.476923076923077449e-01
8.507692307692307221e-01
8.523076923076923217e-01
8.538461538461538103e-01
8.569230769230768985e-01
8.569230769230768985e-01
8.569230769230768985e-01
8.569230769230768985e-01
8.569230769230768985e-01
8.569230769230768985e-01
8.584615384615383871e-01
8.584615384615383871e-01
8.584615384615383871e-01
8.584615384615383871e-01
8.584615384615383871e-01
8.584615384615383871e-01
8.584615384615383871e-01
8.584615384615383871e-01
8.584615384615383871e-01
8.584615384615383871e-01
8.584615384615383871e-01
8.600000000000000977e-01
8.600000000000000977e-01
8.630769230769231859e-01
8.630769230769231859e-01
8.630769230769231859e-01
8.646153846153847855e-01
8.646153846153847855e-01
8.646153846153847855e-01
8.661538461538462741e-01
8.661538461538462741e-01
8.661538461538462741e-01
8.661538461538462741e-01
8.661538461538462741e-01
8.661538461538462741e-01
8.676923076923077627e-01
8.676923076923077627e-01
8.676923076923077627e-01
8.692307692307693623e-01
8.692307692307693623e-01
8.692307692307693623e-01
8.692307692307693623e-01
8.692307692307693623e-01
8.707692307692308509e-01
8.707692307692308509e-01
8.707692307692308509e-01
8.707692307692308509e-01
8.707692307692308509e-01
8.707692307692308509e-01
8.707692307692308509e-01
8.723076923076924505e-01
8.723076923076924505e-01
8.738461538461539391e-01
8.738461538461539391e-01
8.738461538461539391e-01
8.753846153846154277e-01
8.769230769230770273e-01
8.769230769230770273e-01
8.769230769230770273e-01
8.769230769230770273e-01
8.769230769230770273e-01
8.769230769230770273e-01
8.769230769230770273e-01
8.769230769230770273e-01
8.769230769230770273e-01
8.769230769230770273e-01
8.769230769230770273e-01
8.800000000000001155e-01
8.815384615384616041e-01
8.815384615384616041e-01
8.815384615384616041e-01
8.815384615384616041e-01
8.830769230769230926e-01
8.846153846153846922e-01
8.846153846153846922e-01
8.846153846153846922e-01
8.861538461538461808e-01
8.861538461538461808e-01
8.861538461538461808e-01
8.861538461538461808e-01
8.861538461538461808e-01
8.861538461538461808e-01
8.861538461538461808e-01
8.861538461538461808e-01
8.861538461538461808e-01
8.861538461538461808e-01
8.861538461538461808e-01
8.892307692307692690e-01
8.892307692307692690e-01
8.907692307692307576e-01
8.907692307692307576e-01
8.923076923076923572e-01
8.938461538461538458e-01
8.938461538461538458e-01
8.953846153846154454e-01
8.953846153846154454e-01
8.953846153846154454e-01
8.953846153846154454e-01
8.953846153846154454e-01
8.953846153846154454e-01
8.969230769230769340e-01
8.969230769230769340e-01
8.969230769230769340e-01
8.969230769230769340e-01
8.969230769230769340e-01
8.969230769230769340e-01
8.969230769230769340e-01
8.984615384615384226e-01
8.984615384615384226e-01
8.984615384615384226e-01
8.984615384615384226e-01
8.984615384615384226e-01
9.015384615384615108e-01
9.015384615384615108e-01
9.015384615384615108e-01
9.030769230769231104e-01
9.030769230769231104e-01
9.030769230769231104e-01
9.030769230769231104e-01
9.046153846153845990e-01
9.046153846153845990e-01
9.046153846153845990e-01
9.046153846153845990e-01
9.046153846153845990e-01
9.046153846153845990e-01
9.061538461538460876e-01
9.061538461538460876e-01
9.076923076923076872e-01
9.076923076923076872e-01
9.076923076923076872e-01
9.076923076923076872e-01
9.092307692307691758e-01
9.092307692307691758e-01
9.092307692307691758e-01
9.107692307692307754e-01
9.107692307692307754e-01
9.107692307692307754e-01
9.107692307692307754e-01
9.123076923076922640e-01
9.123076923076922640e-01
9.123076923076922640e-01
9.123076923076922640e-01
9.123076923076922640e-01
9.123076923076922640e-01
9.138461538461537526e-01
9.138461538461537526e-01
9.153846153846153522e-01
9.153846153846153522e-01
9.153846153846153522e-01
9.153846153846153522e-01
9.153846153846153522e-01
9.153846153846153522e-01
9.153846153846153522e-01
9.153846153846153522e-01
9.153846153846153522e-01
9.153846153846153522e-01
9.153846153846153522e-01
9.153846153846153522e-01
9.153846153846153522e-01
9.153846153846153522e-01
9.153846153846153522e-01
9.169230769230768407e-01
9.199999999999999289e-01
9.199999999999999289e-01
9.199999999999999289e-01
9.199999999999999289e-01
9.199999999999999289e-01
9.199999999999999289e-01
9.199999999999999289e-01
9.199999999999999289e-01
9.199999999999999289e-01
9.199999999999999289e-01
9.199999999999999289e-01
9.199999999999999289e-01
9.199999999999999289e-01
9.199999999999999289e-01
9.199999999999999289e-01
9.199999999999999289e-01
9.199999999999999289e-01
9.199999999999999289e-01
9.199999999999999289e-01
9.199999999999999289e-01
9.199999999999999289e-01
9.215384615384614175e-01
9.215384615384614175e-01
9.230769230769230171e-01
9.230769230769230171e-01
9.261538461538461053e-01
9.261538461538461053e-01
9.261538461538461053e-01
9.261538461538461053e-01
9.261538461538461053e-01
9.261538461538461053e-01
9.276923076923075939e-01
9.276923076923075939e-01
9.276923076923075939e-01
9.276923076923075939e-01
9.276923076923075939e-01
9.276923076923075939e-01
9.323076923076923928e-01
9.323076923076923928e-01
9.323076923076923928e-01
9.323076923076923928e-01
9.338461538461538813e-01
9.338461538461538813e-01
9.338461538461538813e-01
9.338461538461538813e-01
9.338461538461538813e-01
9.338461538461538813e-01
9.338461538461538813e-01
9.338461538461538813e-01
9.338461538461538813e-01
9.338461538461538813e-01
9.338461538461538813e-01
9.353846153846154809e-01
9.353846153846154809e-01
9.353846153846154809e-01
9.369230769230769695e-01
9.369230769230769695e-01
9.384615384615384581e-01
9.384615384615384581e-01
9.384615384615384581e-01
9.384615384615384581e-01
9.384615384615384581e-01
9.384615384615384581e-01
9.384615384615384581e-01
9.384615384615384581e-01
9.384615384615384581e-01
9.384615384615384581e-01
9.384615384615384581e-01
9.384615384615384581e-01
9.384615384615384581e-01
9.384615384615384581e-01
9.384615384615384581e-01
9.384615384615384581e-01
9.384615384615384581e-01
9.415384615384615463e-01
9.415384615384615463e-01
9.415384615384615463e-01
9.430769230769231459e-01
9.446153846153846345e-01
9.446153846153846345e-01
9.446153846153846345e-01
9.446153846153846345e-01
9.446153846153846345e-01
9.461538461538461231e-01
9.461538461538461231e-01
9.461538461538461231e-01
9.461538461538461231e-01
9.461538461538461231e-01
9.461538461538461231e-01
9.476923076923077227e-01
9.492307692307692113e-01
9.492307692307692113e-01
9.492307692307692113e-01
9.492307692307692113e-01
9.492307692307692113e-01
9.492307692307692113e-01
9.507692307692308109e-01
9.507692307692308109e-01
9.507692307692308109e-01
9.507692307692308109e-01
9.507692307692308109e-01
9.507692307692308109e-01
9.507692307692308109e-01
9.507692307692308109e-01
9.507692307692308109e-01
9.507692307692308109e-01
9.507692307692308109e-01
9.507692307692308109e-01
9.507692307692308109e-01
9.507692307692308109e-01
9.523076923076922995e-01
9.523076923076922995e-01
9.523076923076922995e-01
9.523076923076922995e-01
9.523076923076922995e-01
9.523076923076922995e-01
9.523076923076922995e-01
9.523076923076922995e-01
9.523076923076922995e-01
9.538461538461537881e-01
9.553846153846153877e-01
9.553846153846153877e-01
9.553846153846153877e-01
9.553846153846153877e-01
9.553846153846153877e-01
9.553846153846153877e-01
9.584615384615384759e-01
9.584615384615384759e-01
9.584615384615384759e-01
9.584615384615384759e-01
9.599999999999999645e-01
9.599999999999999645e-01
9.599999999999999645e-01
9.599999999999999645e-01
9.599999999999999645e-01
9.599999999999999645e-01
9.599999999999999645e-01
9.599999999999999645e-01
9.599999999999999645e-01
9.599999999999999645e-01
9.599999999999999645e-01
9.599999999999999645e-01
9.599999999999999645e-01
9.599999999999999645e-01
9.599999999999999645e-01
9.599999999999999645e-01
9.599999999999999645e-01
9.599999999999999645e-01
9.599999999999999645e-01
9.599999999999999645e-01
9.599999999999999645e-01
9.615384615384614531e-01
9.615384615384614531e-01
9.615384615384614531e-01
9.630769230769230527e-01
9.630769230769230527e-01
9.630769230769230527e-01
9.630769230769230527e-01
9.630769230769230527e-01
9.630769230769230527e-01
9.630769230769230527e-01
9.630769230769230527e-01
9.646153846153845413e-01
9.646153846153845413e-01
9.646153846153845413e-01
9.661538461538461409e-01
9.661538461538461409e-01
9.661538461538461409e-01
9.661538461538461409e-01
9.661538461538461409e-01
9.676923076923076295e-01
9.692307692307693401e-01
9.692307692307693401e-01
9.692307692307693401e-01
9.692307692307693401e-01
9.692307692307693401e-01
9.692307692307693401e-01
9.723076923076924283e-01
9.753846153846155165e-01
9.753846153846155165e-01
9.753846153846155165e-01
9.753846153846155165e-01
9.753846153846155165e-01
9.753846153846155165e-01
9.753846153846155165e-01
9.769230769230770051e-01
9.769230769230770051e-01
9.769230769230770051e-01
9.769230769230770051e-01
9.769230769230770051e-01
9.769230769230770051e-01
9.769230769230770051e-01
9.769230769230770051e-01
9.769230769230770051e-01
9.769230769230770051e-01
9.769230769230770051e-01
9.769230769230770051e-01
9.784615384615384936e-01
9.784615384615384936e-01
9.784615384615384936e-01
9.784615384615384936e-01
9.800000000000000933e-01
9.800000000000000933e-01
9.830769230769231815e-01
9.846153846153846700e-01
9.846153846153846700e-01
9.846153846153846700e-01
9.846153846153846700e-01
9.846153846153846700e-01
9.861538461538461586e-01
9.861538461538461586e-01
9.861538461538461586e-01
9.861538461538461586e-01
9.861538461538461586e-01
9.876923076923077582e-01
9.876923076923077582e-01
9.876923076923077582e-01
9.876923076923077582e-01
9.876923076923077582e-01
9.876923076923077582e-01
9.876923076923077582e-01
9.876923076923077582e-01
9.876923076923077582e-01
9.876923076923077582e-01
9.892307692307692468e-01
9.892307692307692468e-01
9.907692307692308464e-01
9.907692307692308464e-01
9.923076923076923350e-01
9.923076923076923350e-01
9.938461538461538236e-01
9.938461538461538236e-01
9.953846153846154232e-01
9.953846153846154232e-01
9.969230769230769118e-01
9.969230769230769118e-01
9.969230769230769118e-01
9.984615384615385114e-01
9.984615384615385114e-01
1.000000000000000000e+00
1.000000000000000000e+00
1.000000000000000000e+00
1.000000000000000000e+00
