3.223478109144438108e-01
5.568940605383004838e-01
8.835614655983323740e-01
9.514746802145975790e-01
8.700051333551231947e-01
9.453555153702085656e-01
8.646641366077584268e-01
7.679758403442771275e-01
8.370700588284933907e-01
6.089065459613703934e-01
7.799166183726609081e-01
6.822916453371498102e-01
7.970932848870810883e-01
7.414283114610290548e-01
8.390911029513123953e-01
8.390911029513123953e-01
7.970932848870810883e-01
8.370700588284933907e-01
6.217779883667280405e-01
8.640271788066765657e-01
6.680368059394831137e-01
7.414283114610290548e-01
3.624992459097807762e-01
7.970932848870810883e-01
8.287805148244369313e-01
4.866475874737846152e-01
9.600286888495962456e-01
6.822916453371498102e-01
9.059224909449872243e-01
7.997895966311791005e-01
9.568713497925237510e-01
4.652727002261118350e-01
4.866475874737846152e-01
6.055774410727088330e-01
6.295373977420901657e-01
8.062931806714742633e-01
9.427542907560930718e-01
4.185601986256458074e-01
6.516887201511717409e-01
8.646641366077584268e-01
8.640271788066765657e-01
8.062931806714742633e-01
7.696597215979172901e-01
4.866475874737846152e-01
6.699613011090658210e-01
9.408082704542001240e-01
7.970932848870810883e-01
9.605163289908098534e-01
7.084294149468109980e-01
8.390911029513123953e-01
9.551663136027093159e-01
8.383855486594901096e-01
9.551068281124003301e-01
7.970932848870810883e-01
3.879440865397461025e-01
6.485027684066735354e-01
9.391194801832201122e-01
7.959645341991319345e-01
8.383855486594901096e-01
8.835614655983323740e-01
3.507044622603603390e-01
6.720144755245115453e-01
7.970932848870810883e-01
5.163798244729105313e-01
8.370700588284933907e-01
9.350597073773796453e-01
4.944317699727753257e-01
7.089948867270572386e-01
8.062931806714742633e-01
4.285556697365067169e-01
9.484770452066187962e-01
8.614899806559763729e-01
6.956360846572500201e-01
7.618360030712518771e-01
9.345820175835134469e-01
8.640271788066765657e-01
6.822916453371498102e-01
9.683318848266710965e-01
9.027748618369090261e-01
9.297778993749723497e-01
5.733878452287808347e-01
8.390911029513123953e-01
7.236718108830266782e-01
9.640135861418466234e-01
9.379868000308998477e-01
3.223478109144438108e-01
6.699613011090658210e-01
8.646641366077584268e-01
3.223478109144438108e-01
7.156158525310806207e-01
6.251715917838089887e-01
9.686803177123816111e-01
9.451599848714907770e-01
5.999262782814454020e-01
9.643135565478166971e-01
8.287805148244369313e-01
6.809206914240829578e-01
7.414283114610290548e-01
8.646641366077584268e-01
9.338785291729835292e-01
9.085220159707481091e-01
8.993331402629893834e-01
8.355225770698941901e-01
8.982208786766697761e-01
8.081343676159991052e-01
8.062931806714742633e-01
6.090584960146362414e-01
7.853698494984331369e-01
9.326988436852663433e-01
6.663064166626941898e-01
6.516887201511717409e-01
6.720144755245115453e-01
8.081343676159991052e-01
7.414283114610290548e-01
9.445530763997072032e-01
5.733878452287808347e-01
8.700051333551231947e-01
6.983937481602905395e-01
7.332380389313531976e-01
7.414283114610290548e-01
8.035021683835751327e-01
6.720144755245115453e-01
9.700642388499913782e-01
9.452858892574294014e-01
9.606739038735733205e-01
7.089948867270572386e-01
7.669404096130777448e-01
7.350083615970273154e-01
9.322938809224442513e-01
6.090584960146362414e-01
2.708574487018999277e-01
5.526571356674062629e-01
1.369889429996288266e-01
1.541446183350946852e-01
2.869825081020710086e-02
4.149951113336612929e-01
6.565028702671784622e-01
2.144592008838969166e-02
5.075092349558321114e-01
8.353600304349262373e-02
5.861841863219422466e-01
4.650878436591196485e-01
3.430558164136488508e-01
2.756732428778995575e-02
1.741688944075751866e-02
3.409294322877782224e-01
3.190908497941975508e-01
1.772891105966256931e-01
3.733631422601833005e-01
9.621528358113450030e-02
7.712435225452622667e-02
1.882213538236308936e-02
2.845471098570678814e-01
7.435065379229913729e-01
3.736992195077034062e-01
1.031671510027167560e-01
5.750110838776272271e-01
3.684159231962259584e-01
2.955811426587444737e-02
2.011898658545953691e-02
5.147113049551763631e-01
5.329559961404090052e-01
8.333703829303754085e-02
3.074019888843409348e-02
5.049155895042174436e-01
2.580273282603726681e-01
3.794933296042383719e-01
4.543237827607713997e-01
4.459915837876940459e-02
5.820249453894399405e-01
3.842037987692158985e-01
5.688663199301486895e-01
3.516573272745066592e-01
3.312306710598662829e-02
2.162647322472131817e-01
6.731043976747514979e-01
2.808544104469032909e-01
3.406049087512280638e-01
2.890028796975669945e-01
5.175278008637549387e-01
3.286858724941339460e-01
4.084441876321782128e-01
1.712594513524459960e-01
4.753341143390161228e-01
3.279621320533568918e-01
2.912302786422252265e-01
6.487499580848762881e-02
1.108865181020211171e-01
3.386327435903959543e-02
2.136014000590730488e-01
3.542559998477597116e-02
1.854645319631295919e-01
1.364433293137563841e-01
3.133635681286219277e-01
3.286858724941339460e-01
1.096925983831275320e-01
1.895662003413428887e-01
2.959518725562992891e-01
3.729232423426175891e-01
3.297959870126961346e-01
2.736031366490248584e-01
1.185626222164153504e-01
1.587754700320848922e-01
1.779431444443412280e-01
7.541836686595795314e-01
1.167263121692249939e-01
2.380033830159782593e-01
3.652317770243624362e-01
4.656994217418802817e-01
1.444795521824140117e-01
3.902260398573867417e-01
4.807374495080730115e-01
3.347078744968125519e-01
4.055966663737328726e-01
2.441981104505105415e-01
1.128593518741863311e-02
6.860293154778930591e-02
8.209356550477417969e-01
4.444702297365917820e-01
1.982502289753938773e-02
1.056980119183823508e-01
4.304397006386511682e-01
5.161941471582642826e-01
7.146431979519549116e-02
6.047186447287040967e-02
7.321069337211209838e-02
3.634449036767746777e-01
7.339196031336077397e-02
6.813557263867879576e-02
4.164218677482433573e-01
3.335915259487975959e-01
2.268089703465613061e-01
3.228352051295448055e-02
1.343992813448443013e-01
3.814571595385994329e-01
2.232864728357629447e-01
4.845296295195292147e-01
6.677226697341238915e-02
7.433978680064458056e-01
4.089272289352534062e-01
4.873924990872146590e-01
1.739728165509052127e-01
3.138101897667233131e-01
4.317208423359542024e-02
3.384833182829417586e-01
1.390708612049083026e-01
3.326096412197702967e-02
7.427119168279339156e-01
6.357371806424327865e-01
3.163527453841115111e-01
2.819138787272499891e-01
3.314880151707549905e-01
4.996489671314131853e-02
8.803303872349825532e-02
5.625352416747599893e-01
2.272586993738506811e-02
2.369264777534765554e-01
5.782380688860398049e-02
4.077702537937461513e-01
2.238155880656692853e-01
