2.299146457119631559e-02
5.256740279094973545e-02
6.568215688931039464e-02
7.554531906245766371e-02
7.883755588673621584e-02
8.706137379758840944e-02
9.363229914645712637e-02
1.051348055818994709e-01
1.166373120173418154e-01
1.199160005419319941e-01
1.232082373662105323e-01
1.248611299281940090e-01
1.297791627150792770e-01
1.379758840265546682e-01
1.494783904619970127e-01
1.527706272862755787e-01
1.576886600731608190e-01
1.609673485977509977e-01
1.642595854220295359e-01
1.724698550331933422e-01
1.757485435577834931e-01
1.806665763446687334e-01
1.823059206069638227e-01
1.872239533938490630e-01
1.921419861807343032e-01
1.970735672673079308e-01
2.020051483538815584e-01
2.069367294404552415e-01
2.134941064896355434e-01
2.184256875762092265e-01
2.266224088876846177e-01
2.315404416745698302e-01
2.397507112857336364e-01
2.430293998103238151e-01
2.528925619834710981e-01
2.610892832949464615e-01
2.643815201192250552e-01
2.725782414307004187e-01
2.742175856929955358e-01
2.824414036038477294e-01
2.939303617396016866e-01
2.955697060018967481e-01
3.021270830510770500e-01
3.070451158379623458e-01
3.185340739737163029e-01
3.284107844465519732e-01
3.333423655331255731e-01
3.497764530551416007e-01
3.530551415797317238e-01
3.629047554531906750e-01
3.727408210269611000e-01
3.809375423384365189e-01
3.891478119496003529e-01
4.006503183850426697e-01
4.121528248204849865e-01
4.187102018696653438e-01
4.252811272185340608e-01
4.302262566047961312e-01
4.335049451293862544e-01
4.433545590028451500e-01
4.515648286140089285e-01
4.614279907871561837e-01
4.630808833491396603e-01
4.696518086980083773e-01
4.795149708711556324e-01
4.860858962200244049e-01
4.942826175314998238e-01
5.024928871426637134e-01
5.074109199295488981e-01
5.156347378404010362e-01
5.288036851375153002e-01
5.386397507112857808e-01
5.468364720227610887e-01
5.517680531093347440e-01
5.616176669827936951e-01
5.714672808562525352e-01
5.780382062051213632e-01
5.862620241159735013e-01
5.895542609402519840e-01
5.993903265140224645e-01
6.043083593009077603e-01
6.174231133992684750e-01
6.240075870478254405e-01
6.305785123966941574e-01
6.354965451835795642e-01
6.404145779704647490e-01
6.420539222327598106e-01
6.502506435442351185e-01
6.584473648557105374e-01
6.666440861671860674e-01
6.748543557783497349e-01
6.797859368649235012e-01
6.961793794878742281e-01
7.027503048367429450e-01
7.027503048367429450e-01
7.175450480964638000e-01
7.257417694079393300e-01
7.306598021948245147e-01
7.323126947568079359e-01
7.372307275436932317e-01
7.405094160682834659e-01
7.421623086302668870e-01
7.438016528925619486e-01
7.520119225037259492e-01
7.553041593280044319e-01
7.668066657634466932e-01
7.701124508874135355e-01
7.766833762362823634e-01
7.816149573228559078e-01
7.848936458474462530e-01
7.865329901097413146e-01
7.898387752337081569e-01
7.914781194960032185e-01
7.947568080205933416e-01
7.964097005825767628e-01
8.013277333694620586e-01
8.079122070180192461e-01
8.095515512803144187e-01
8.095515512803144187e-01
8.128302398049045419e-01
8.161360249288713842e-01
8.227340468771169313e-01
8.243733911394119929e-01
8.260127354017070545e-01
8.260127354017070545e-01
8.260127354017070545e-01
8.292914239262973997e-01
8.325701124508875228e-01
8.358488009754776460e-01
8.358488009754776460e-01
8.374881452377727076e-01
8.374881452377727076e-01
8.391410377997561287e-01
8.391410377997561287e-01
8.391410377997561287e-01
8.407803820620511903e-01
8.407803820620511903e-01
8.407803820620511903e-01
8.424197263243462519e-01
8.424197263243462519e-01
8.456984148489364861e-01
8.456984148489364861e-01
8.473377591112315477e-01
8.489771033735266093e-01
8.522557918981167324e-01
8.555344804227068556e-01
8.588267172469855604e-01
8.588267172469855604e-01
8.588267172469855604e-01
8.604660615092806220e-01
8.604660615092806220e-01
8.604660615092806220e-01
8.621054057715756835e-01
8.621054057715756835e-01
8.621054057715756835e-01
8.621054057715756835e-01
8.621054057715756835e-01
8.621054057715756835e-01
8.621054057715756835e-01
8.621054057715756835e-01
8.637447500338707451e-01
8.653840942961658067e-01
8.653840942961658067e-01
8.653840942961658067e-01
8.703156753827393510e-01
8.703156753827393510e-01
8.703156753827393510e-01
8.703156753827393510e-01
8.703156753827393510e-01
8.703156753827393510e-01
8.703156753827393510e-01
8.703156753827393510e-01
8.735943639073294742e-01
8.752337081696246468e-01
8.752337081696246468e-01
8.752337081696246468e-01
8.752337081696246468e-01
8.752337081696246468e-01
8.752337081696246468e-01
8.752337081696246468e-01
8.768730524319197084e-01
8.768730524319197084e-01
8.768730524319197084e-01
8.768730524319197084e-01
8.785123966942147700e-01
8.801652892561984132e-01
8.801652892561984132e-01
8.801652892561984132e-01
8.801652892561984132e-01
8.801652892561984132e-01
8.801652892561984132e-01
8.801652892561984132e-01
8.801652892561984132e-01
8.801652892561984132e-01
8.801652892561984132e-01
8.801652892561984132e-01
8.801652892561984132e-01
8.801652892561984132e-01
8.818046335184934748e-01
8.818046335184934748e-01
8.818046335184934748e-01
8.818046335184934748e-01
8.818046335184934748e-01
8.818046335184934748e-01
8.818046335184934748e-01
8.818046335184934748e-01
8.818046335184934748e-01
8.818046335184934748e-01
8.818046335184934748e-01
8.818046335184934748e-01
8.818046335184934748e-01
8.818046335184934748e-01
8.818046335184934748e-01
8.818046335184934748e-01
8.818046335184934748e-01
8.818046335184934748e-01
8.818046335184934748e-01
8.818046335184934748e-01
8.818046335184934748e-01
8.818046335184934748e-01
8.834439777807885363e-01
8.834439777807885363e-01
8.834439777807885363e-01
8.834439777807885363e-01
8.850968703427719575e-01
8.867362146050670191e-01
8.883755588673620807e-01
8.883755588673620807e-01
8.883755588673620807e-01
8.883755588673620807e-01
8.883755588673620807e-01
8.883755588673620807e-01
8.900149031296571422e-01
8.900149031296571422e-01
8.900149031296571422e-01
8.900149031296571422e-01
8.916542473919522038e-01
8.933071399539358470e-01
8.933071399539358470e-01
8.933071399539358470e-01
8.933071399539358470e-01
8.933071399539358470e-01
8.933071399539358470e-01
8.933071399539358470e-01
8.933071399539358470e-01
8.933071399539358470e-01
8.933071399539358470e-01
8.933071399539358470e-01
8.933071399539358470e-01
8.949464842162309086e-01
8.949464842162309086e-01
8.949464842162309086e-01
8.949464842162309086e-01
8.949464842162309086e-01
8.949464842162309086e-01
8.965858284785259702e-01
8.965858284785259702e-01
8.965858284785259702e-01
8.965858284785259702e-01
8.965858284785259702e-01
8.965858284785259702e-01
8.965858284785259702e-01
8.965858284785259702e-01
8.965858284785259702e-01
8.965858284785259702e-01
8.965858284785259702e-01
8.965858284785259702e-01
8.982251727408210318e-01
8.998645170031160934e-01
8.998645170031160934e-01
8.998645170031160934e-01
8.998645170031160934e-01
8.998645170031160934e-01
8.998645170031160934e-01
8.998645170031160934e-01
8.998645170031160934e-01
8.998645170031160934e-01
8.998645170031160934e-01
9.015038612654111549e-01
9.015038612654111549e-01
9.015038612654111549e-01
9.015038612654111549e-01
9.015038612654111549e-01
9.015038612654111549e-01
9.015038612654111549e-01
9.031432055277063276e-01
9.047825497900013891e-01
9.047825497900013891e-01
9.047825497900013891e-01
9.047825497900013891e-01
9.047825497900013891e-01
9.047825497900013891e-01
9.047825497900013891e-01
9.047825497900013891e-01
9.047825497900013891e-01
9.047825497900013891e-01
9.047825497900013891e-01
9.064218940522964507e-01
9.064218940522964507e-01
9.064218940522964507e-01
9.064218940522964507e-01
9.097005825768865739e-01
9.097005825768865739e-01
9.097005825768865739e-01
9.097005825768865739e-01
9.097005825768865739e-01
9.097005825768865739e-01
9.097005825768865739e-01
9.097005825768865739e-01
9.097005825768865739e-01
9.113534751388702171e-01
9.113534751388702171e-01
9.113534751388702171e-01
9.113534751388702171e-01
9.113534751388702171e-01
9.130063677008536382e-01
9.130063677008536382e-01
9.130063677008536382e-01
9.130063677008536382e-01
9.130063677008536382e-01
9.130063677008536382e-01
9.130063677008536382e-01
9.130063677008536382e-01
9.146457119631486998e-01
9.146457119631486998e-01
9.146457119631486998e-01
9.146457119631486998e-01
9.146457119631486998e-01
9.146457119631486998e-01
9.162850562254437614e-01
9.162850562254437614e-01
9.162850562254437614e-01
9.162850562254437614e-01
9.162850562254437614e-01
9.162850562254437614e-01
9.162850562254437614e-01
9.162850562254437614e-01
9.162850562254437614e-01
9.162850562254437614e-01
9.162850562254437614e-01
9.162850562254437614e-01
9.162850562254437614e-01
9.162850562254437614e-01
9.162850562254437614e-01
9.179244004877388230e-01
9.179244004877388230e-01
9.195637447500338846e-01
9.195637447500338846e-01
9.195637447500338846e-01
9.195637447500338846e-01
9.195637447500338846e-01
9.195637447500338846e-01
9.195637447500338846e-01
9.195637447500338846e-01
9.195637447500338846e-01
9.195637447500338846e-01
9.195637447500338846e-01
9.195637447500338846e-01
9.195637447500338846e-01
9.195637447500338846e-01
9.195637447500338846e-01
9.195637447500338846e-01
9.195637447500338846e-01
9.212030890123289462e-01
9.212030890123289462e-01
9.212030890123289462e-01
9.212030890123289462e-01
9.212030890123289462e-01
9.228424332746240077e-01
9.228424332746240077e-01
9.228424332746240077e-01
9.228424332746240077e-01
9.228424332746240077e-01
9.228424332746240077e-01
9.228424332746240077e-01
9.228424332746240077e-01
9.228424332746240077e-01
9.228424332746240077e-01
9.228424332746240077e-01
9.228424332746240077e-01
9.261211217992142419e-01
9.261211217992142419e-01
9.261211217992142419e-01
9.277604660615093035e-01
9.277604660615093035e-01
9.277604660615093035e-01
9.293998103238043651e-01
9.293998103238043651e-01
9.293998103238043651e-01
9.293998103238043651e-01
9.310391545860994267e-01
9.310391545860994267e-01
9.310391545860994267e-01
9.310391545860994267e-01
9.310391545860994267e-01
9.310391545860994267e-01
9.326784988483944883e-01
9.326784988483944883e-01
9.326784988483944883e-01
9.326784988483944883e-01
9.326784988483944883e-01
9.343313914103779094e-01
9.343313914103779094e-01
9.343313914103779094e-01
9.343313914103779094e-01
9.359707356726729710e-01
9.359707356726729710e-01
9.359707356726729710e-01
9.392494241972630942e-01
9.392494241972630942e-01
9.392494241972630942e-01
9.392494241972630942e-01
9.392494241972630942e-01
9.392494241972630942e-01
9.392494241972630942e-01
9.392494241972630942e-01
9.408887684595581558e-01
9.408887684595581558e-01
9.408887684595581558e-01
9.425281127218534394e-01
9.441674569841485010e-01
9.441674569841485010e-01
9.441674569841485010e-01
9.441674569841485010e-01
9.441674569841485010e-01
9.441674569841485010e-01
9.441674569841485010e-01
9.441674569841485010e-01
9.458203495461319221e-01
9.458203495461319221e-01
9.474596938084269837e-01
9.474596938084269837e-01
9.490990380707220453e-01
9.490990380707220453e-01
9.507383823330171069e-01
9.507383823330171069e-01
9.507383823330171069e-01
9.507383823330171069e-01
9.523777265953121685e-01
9.523777265953121685e-01
9.523777265953121685e-01
9.523777265953121685e-01
9.523777265953121685e-01
9.523777265953121685e-01
9.523777265953121685e-01
9.523777265953121685e-01
9.523777265953121685e-01
9.540170708576074521e-01
9.540170708576074521e-01
9.540170708576074521e-01
9.540170708576074521e-01
9.540170708576074521e-01
9.556564151199025137e-01
9.556564151199025137e-01
9.556564151199025137e-01
9.556564151199025137e-01
9.572957593821975752e-01
9.589486519441809964e-01
9.589486519441809964e-01
9.605879962064760580e-01
9.605879962064760580e-01
9.622273404687711196e-01
9.622273404687711196e-01
9.622273404687711196e-01
9.622273404687711196e-01
9.638666847310662922e-01
9.638666847310662922e-01
9.655195772930497133e-01
9.671589215553447749e-01
9.671589215553447749e-01
9.704376100799348981e-01
9.720769543422299597e-01
9.737162986045250213e-01
9.737162986045250213e-01
9.737162986045250213e-01
9.737162986045250213e-01
9.737162986045250213e-01
9.753556428668200828e-01
9.753556428668200828e-01
9.769949871291151444e-01
9.802872239533938492e-01
9.802872239533938492e-01
9.802872239533938492e-01
9.802872239533938492e-01
9.802872239533938492e-01
9.819401165153773814e-01
9.819401165153773814e-01
9.819401165153773814e-01
9.819401165153773814e-01
9.835794607776723320e-01
9.835794607776723320e-01
9.835794607776723320e-01
9.868581493022624551e-01
9.868581493022624551e-01
9.885110418642459873e-01
9.885110418642459873e-01
9.901503861265410489e-01
9.901503861265410489e-01
9.901503861265410489e-01
9.918032786885244700e-01
9.918032786885244700e-01
9.934426229508197537e-01
9.950819672131148153e-01
9.967213114754098768e-01
9.967213114754098768e-01
9.983606557377049384e-01
9.983606557377049384e-01
9.983606557377049384e-01
9.983606557377049384e-01
1.000000000000000000e+00
1.000000000000000000e+00
1.000000000000000000e+00
