1.908065915004336643e-03
3.793749825140586840e-03
5.735388747447053154e-03
7.688218672187560956e-03
9.663430601796156941e-03
1.162185602775368636e-02
1.358587695492823565e-02
1.553311137845172531e-02
1.748034580197521323e-02
1.945555773158380922e-02
2.143076966119240173e-02
2.341157709201801759e-02
2.538119352040959370e-02
2.733961894636712311e-02
2.928685336989060931e-02
3.126206529949920182e-02
3.323168172789077446e-02
3.520689365749937044e-02
3.718210558710795949e-02
3.914053101306549237e-02
4.111574294267408836e-02
4.308535937106565405e-02
4.506616680189128032e-02
4.703578323028284602e-02
4.900539965867441866e-02
5.097501608706600518e-02
5.294463251545757781e-02
5.491424894384915045e-02
5.687826987102369974e-02
5.884788629941527238e-02
6.080631172537280527e-02
6.277592815376437096e-02
6.473435357972190385e-02
6.670956550933049289e-02
6.866239543407101631e-02
7.062082086002854919e-02
7.259603278963713824e-02
7.455445821559467112e-02
7.653526564642028351e-02
7.849369107237781640e-02
8.044092549590128871e-02
8.242173292672691498e-02
8.438575385390147121e-02
8.635537028229303691e-02
8.830260470581652310e-02
9.025543463055703264e-02
9.222505105894859834e-02
9.415549897882102837e-02
9.613071090842961741e-02
9.808354083317012695e-02
1.000363707579106504e-01
1.019947961838681694e-01
1.039532216098257023e-01
1.059004560333491884e-01
1.078476904568726746e-01
1.098117113840472170e-01
1.117757323112217732e-01
1.137453487396133528e-01
1.157205606692219418e-01
1.176733905939624514e-01
1.196318160199199843e-01
1.215846459446604938e-01
1.235654533754861062e-01
1.255294743026606485e-01
1.274823042274011997e-01
1.294463251545757143e-01
1.314047505805332472e-01
1.333631760064907801e-01
1.353327924348823319e-01
1.372912178608398925e-01
1.392328567831463415e-01
1.411856867078868372e-01
1.431441121338443978e-01
1.451137285622359774e-01
1.470665584869764730e-01
1.490193884117169687e-01
1.509834093388915388e-01
1.529418347648490717e-01
1.549170466944576607e-01
1.568698766191981564e-01
1.588394930475897360e-01
1.607811319698962127e-01
1.627451528970707550e-01
1.647091738242452974e-01
1.666787902526368770e-01
1.686484066810284566e-01
1.706292141118540551e-01
1.725876395378115880e-01
1.745460649637691208e-01
1.765044903897266537e-01
1.784629158156841588e-01
1.804325322440757662e-01
1.823629801639481962e-01
1.843270010911227386e-01
1.863134040231653743e-01
1.882494474442548138e-01
1.902078728702123467e-01
1.921774892986039540e-01
1.941582967294295248e-01
1.961279131578211321e-01
1.981031250874297212e-01
2.000839325182553474e-01
2.020647399490809182e-01
2.040231653750384788e-01
2.059983773046470679e-01
2.079456117281705541e-01
2.099208236577791431e-01
2.118848445849537132e-01
2.138544610133452650e-01
2.158296729429538541e-01
2.178104803737794803e-01
2.197856923033881249e-01
2.217664997342136957e-01
2.237417116638222847e-01
2.257225190946479110e-01
2.276921355230394628e-01
2.296561564502140329e-01
2.316369638810396592e-01
2.336233668130822672e-01
2.355985787426909117e-01
2.375737906722994452e-01
2.395378115994740154e-01
2.415186190302996416e-01
2.434994264611252679e-01
2.454858293931679314e-01
2.474722323252104839e-01
2.494474442548191284e-01
2.514226561844277175e-01
2.533978681140363620e-01
2.553842710460789700e-01
2.573650784769045408e-01
2.593514814089472043e-01
2.613322888397727750e-01
2.633186917718154385e-01
2.653050947038581020e-01
2.672859021346837283e-01
2.692723050667263363e-01
2.712587079987690553e-01
2.732395154295946260e-01
2.752259183616372895e-01
2.772011302912458230e-01
2.791875332232884310e-01
2.811683406541140573e-01
2.831491480849396836e-01
2.851243600145483281e-01
2.870995719441569172e-01
2.890747838737655062e-01
2.910611868058081142e-01
2.930475897378507777e-01
2.950283971686763484e-01
2.970148001007190119e-01
2.990012030327616754e-01
3.009820104635873017e-01
3.029684133956299097e-01
3.049548163276725732e-01
3.069412192597151812e-01
3.089276221917578447e-01
3.109140251238004526e-01
3.129004280558430606e-01
3.148868309878857241e-01
3.168676384187113504e-01
3.188484458495369767e-01
3.208348487815796402e-01
3.228212517136222481e-01
3.247908681420138000e-01
3.267772710740564635e-01
3.287636740060991269e-01
3.307500769381417904e-01
3.327364798701843429e-01
3.347228828022269509e-01
3.367092857342696144e-01
3.386956886663122779e-01
3.406709005959208669e-01
3.426517080267464932e-01
3.446381109587891567e-01
3.466245138908317647e-01
3.486109168228744282e-01
3.505973197549169806e-01
3.525837226869596996e-01
3.545701256190023076e-01
3.565509330498278784e-01
3.585373359818705419e-01
3.605237389139132054e-01
3.625101418459558689e-01
3.644909492767814951e-01
3.664717567076070659e-01
3.684581596396497294e-01
3.704445625716923929e-01
3.724309655037349454e-01
3.744173684357775533e-01
3.764037713678202723e-01
3.783901742998628803e-01
3.803765772319055438e-01
3.823629801639482073e-01
3.843493830959908153e-01
3.863357860280334788e-01
3.883221889600761423e-01
3.903085918921186948e-01
3.922893993229443765e-01
3.942758022549869290e-01
3.962622051870295925e-01
3.982486081190722560e-01
4.002350110511149195e-01
4.022214139831575830e-01
4.042078169152001910e-01
4.061942198472427989e-01
4.081806227792854069e-01
4.101670257113280149e-01
4.121534286433707339e-01
4.141398315754133419e-01
4.161262345074560054e-01
4.181126374394986689e-01
4.200990403715412214e-01
4.220854433035839404e-01
4.240718462356265483e-01
4.260582491676691563e-01
4.280446520997117643e-01
4.300310550317544833e-01
4.320174579637970913e-01
4.340038608958398103e-01
4.359846683266653811e-01
4.379710712587079335e-01
4.399574741907505415e-01
4.419438771227932605e-01
4.439246845536188313e-01
4.459054919844445131e-01
4.478862994152700838e-01
4.498727023473126918e-01
4.518591052793554108e-01
4.538455082113980188e-01
4.558319111434407378e-01
4.578183140754832903e-01
4.597991215063088610e-01
4.617855244383515800e-01
4.637719273703941880e-01
4.657583303024367960e-01
4.677391377332624778e-01
4.697199451640880485e-01
4.717063480961307675e-01
4.736927510281733755e-01
4.756791539602159835e-01
4.776655568922586470e-01
4.796519598243012550e-01
4.816383627563439740e-01
4.836247656883864710e-01
4.856111686204291900e-01
4.875975715524717979e-01
4.895839744845144059e-01
4.915703774165570694e-01
4.935511848473826957e-01
4.955375877794253592e-01
4.975239907114680227e-01
4.995103936435105751e-01
5.014967965755532386e-01
5.034831995075959021e-01
5.054640069384215284e-01
5.074504098704640809e-01
5.094368128025068554e-01
5.114232157345494079e-01
5.134096186665919603e-01
5.153960215986346238e-01
5.173824245306773983e-01
5.193688274627199508e-01
5.213552303947626143e-01
5.233416333268052778e-01
5.253280362588478303e-01
5.273144391908906048e-01
5.292952466217161200e-01
5.312760540525417463e-01
5.332624569845844098e-01
5.352488599166269623e-01
5.372352628486696258e-01
5.392216657807122893e-01
5.412080687127549528e-01
5.431944716447976162e-01
5.451808745768401687e-01
5.471672775088828322e-01
5.491536804409253847e-01
5.511344878717511220e-01
5.531208908037937855e-01
5.551072937358363379e-01
5.570936966678790014e-01
5.590800995999216649e-01
5.610665025319643284e-01
5.630529054640069919e-01
5.650337128948325072e-01
5.670145203256581334e-01
5.690009232577007969e-01
5.709873261897433494e-01
5.729737291217860129e-01
5.749601320538286764e-01
5.769465349858713399e-01
5.789329379179140034e-01
5.809193408499566669e-01
5.829057437819993304e-01
5.848921467140419939e-01
5.868785496460845463e-01
5.888593570769100616e-01
5.908457600089528361e-01
5.928321629409953886e-01
5.948185658730380521e-01
5.967937778026466411e-01
5.987801807346893046e-01
6.007665836667319681e-01
6.027529865987746316e-01
6.047393895308171841e-01
6.067257924628599586e-01
6.087121953949025110e-01
6.106985983269450635e-01
6.126850012589877270e-01
6.146658086898133533e-01
6.166522116218560168e-01
6.186386145538986803e-01
6.206250174859413438e-01
6.226114204179838962e-01
6.245922278488096335e-01
6.265786307808521860e-01
6.285650337128947385e-01
6.305514366449374020e-01
6.325378395769801765e-01
6.345242425090227290e-01
6.365106454410652814e-01
6.384970483731080559e-01
6.404778558039335712e-01
6.424642587359763457e-01
6.444506616680187872e-01
6.464370646000615617e-01
6.484234675321041141e-01
6.504098704641467776e-01
6.523906778949724039e-01
6.543770808270150674e-01
6.563634837590577309e-01
6.583498866911002834e-01
6.603362896231430579e-01
6.623226925551856104e-01
6.643090954872281628e-01
6.662954984192708263e-01
6.682819013513134898e-01
6.702683042833562643e-01
6.722547072153988168e-01
6.742411101474414803e-01
6.762275130794840328e-01
6.782139160115265852e-01
6.802003189435693598e-01
6.821811263743949860e-01
6.841675293064376495e-01
6.861483367372631648e-01
6.881347396693058283e-01
6.901211426013484918e-01
6.921075455333911552e-01
6.940939484654337077e-01
6.960803513974764822e-01
6.980667543295190347e-01
7.000531572615615872e-01
7.020395601936042507e-01
7.040259631256469142e-01
7.060123660576896887e-01
7.079987689897322412e-01
7.099851719217749046e-01
7.119715748538174571e-01
7.139579777858602316e-01
7.159443807179026731e-01
7.179307836499454476e-01
7.199115910807710739e-01
7.218979940128136263e-01
7.238843969448562898e-01
7.258707998768989533e-01
7.278572028089416168e-01
7.298380102397672431e-01
7.318244131718099066e-01
7.338108161038524591e-01
7.357972190358950115e-01
7.377836219679377860e-01
7.397700248999803385e-01
7.417564278320231130e-01
7.437428307640656655e-01
7.457292336961083290e-01
7.477156366281508815e-01
7.497020395601936560e-01
7.516884424922362085e-01
7.536636544218447975e-01
7.556500573538874610e-01
7.576364602859300135e-01
7.596172677167557508e-01
7.616036706487983032e-01
7.635900735808409667e-01
7.655708810116665930e-01
7.675572839437092565e-01
7.695436868757518090e-01
7.715300898077944725e-01
7.735108972386202097e-01
7.754973001706628732e-01
7.774837031027054257e-01
7.794701060347479782e-01
7.814565089667906417e-01
7.834429118988333052e-01
7.854237193296590425e-01
7.874101222617015949e-01
7.893965251937442584e-01
7.913829281257868109e-01
7.933693310578293634e-01
7.953501384886551007e-01
7.973365414206978752e-01
7.993229443527404277e-01
8.013093472847829801e-01
8.032901547156086064e-01
8.052765576476513809e-01
8.072629605796939334e-01
8.092381725093025224e-01
8.112245754413451859e-01
8.132109783733877384e-01
8.151973813054302909e-01
8.171837842374729544e-01
8.191701871695157289e-01
8.211565901015583924e-01
8.231429930336009448e-01
8.251238004644265711e-01
8.271102033964691236e-01
8.290966063285118981e-01
8.310774137593375244e-01
8.330582211901631506e-01
8.350446241222057031e-01
8.370310270542482556e-01
8.390174299862911411e-01
8.410038329183336936e-01
8.429902358503762461e-01
8.449766387824189096e-01
8.469630417144615731e-01
8.489438491452873103e-01
8.509302520773298628e-01
8.529110595081554891e-01
8.548974624401980416e-01
8.568782698710236678e-01
8.588646728030662203e-01
8.608454802338918466e-01
8.628318831659346211e-01
8.648182860979772846e-01
8.668046890300198370e-01
8.687854964608454633e-01
8.707718993928880158e-01
8.727583023249307903e-01
8.747447052569734538e-01
8.767311081890160063e-01
8.787175111210586698e-01
8.807039140531014443e-01
8.826903169851438857e-01
8.846767199171864382e-01
8.866575273480122865e-01
8.886383347788378018e-01
8.906135467084463908e-01
8.925831631368380537e-01
8.945527795652296055e-01
8.965112049911871939e-01
8.984752259183614864e-01
9.004392468455362231e-01
9.024032677727106266e-01
9.043616931986682150e-01
9.063145231234088772e-01
9.082729485493663546e-01
9.102257784741067947e-01
9.121842039000643831e-01
9.141370338248048233e-01
9.160954592507624117e-01
9.180538846767198891e-01
9.200123101026773664e-01
9.219651400274179176e-01
9.239235654533756170e-01
9.258763953781159461e-01
9.278292253028563863e-01
9.297876507288138637e-01
9.317348851523374886e-01
9.336877150770780398e-01
9.356405450018184800e-01
9.375989704277760683e-01
9.395462048512994713e-01
9.414934392748230962e-01
9.434406736983464992e-01
9.453767171194359387e-01
9.473183560417425264e-01
9.492488039616148177e-01
9.511624653778362193e-01
9.530873177964915843e-01
9.550065747139300232e-01
9.569146406289343876e-01
9.588171110427217148e-01
9.607083904540749675e-01
9.626052653666452574e-01
9.644965447779985102e-01
9.663710376857007622e-01
9.682399350921858661e-01
9.701144279998880071e-01
9.719889209075903702e-01
9.738466273116413996e-01
9.757099292169095772e-01
9.775620401197435694e-01
9.794141510225777836e-01
9.812382844193269227e-01
9.830344403099907646e-01
9.847914276921354571e-01
9.865092465657611109e-01
9.881767059284335408e-01
9.898105922838038584e-01
9.913997146294379892e-01
9.929328819629018588e-01
9.944044987829784299e-01
9.957698010799317379e-01
9.970008113476765965e-01
9.979912150630891876e-01
9.988305402456424398e-01
9.994964048904680931e-01
9.999160674817446637e-01
1.000000000000000000e+00
