0.000000000000000000e+00
7.256604796098089505e-01
7.865871833084948639e-01
8.112315404416745590e-01
8.325701124508875228e-01
8.735943639073295852e-01
8.850697737433952383e-01
9.031025606286411378e-01
9.063812491532313720e-01
9.178566589892968031e-01
9.277062728627557542e-01
9.342771982116243601e-01
9.392358758975747346e-01
9.458068012464435625e-01
9.458068012464435625e-01
9.458068012464435625e-01
9.507383823330173289e-01
9.507383823330173289e-01
9.605879962064760580e-01
9.622273404687711196e-01
9.638666847310661812e-01
9.638666847310661812e-01
9.655195772930497133e-01
9.655195772930497133e-01
9.704376100799348981e-01
9.704376100799348981e-01
9.704376100799348981e-01
9.720769543422301817e-01
9.753556428668203049e-01
9.753556428668203049e-01
9.753556428668203049e-01
9.802736756537054896e-01
9.819130199160005512e-01
9.819130199160005512e-01
9.819130199160005512e-01
9.819130199160005512e-01
9.819130199160005512e-01
9.819130199160005512e-01
9.835523641782956128e-01
9.835523641782956128e-01
9.868581493022624551e-01
9.868581493022624551e-01
9.868581493022624551e-01
9.868581493022624551e-01
9.868581493022624551e-01
9.885110418642459873e-01
9.885110418642459873e-01
9.901639344262294085e-01
9.918032786885244700e-01
9.918032786885244700e-01
9.918032786885244700e-01
9.934426229508197537e-01
9.950819672131148153e-01
9.950819672131148153e-01
9.967213114754098768e-01
9.983606557377049384e-01
9.983606557377049384e-01
9.983606557377049384e-01
9.983606557377049384e-01
1.000000000000000000e+00
1.000000000000000000e+00
1.000000000000000000e+00
1.000000000000000000e+00
1.000000000000000000e+00
1.000000000000000000e+00
1.000000000000000000e+00
1.000000000000000000e+00
1.000000000000000000e+00
1.000000000000000000e+00
1.000000000000000000e+00
1.000000000000000000e+00
1.000000000000000000e+00
1.000000000000000000e+00
1.000000000000000000e+00
1.000000000000000000e+00
1.000000000000000000e+00
1.000000000000000000e+00
1.000000000000000000e+00
1.000000000000000000e+00
1.000000000000000000e+00
1.000000000000000000e+00
1.000000000000000000e+00
1.000000000000000000e+00
1.000000000000000000e+00
1.000000000000000000e+00
1.000000000000000000e+00
1.000000000000000000e+00
1.000000000000000000e+00
1.000000000000000000e+00
1.000000000000000000e+00
1.000000000000000000e+00
1.000000000000000000e+00
1.000000000000000000e+00
1.000000000000000000e+00
1.000000000000000000e+00
1.000000000000000000e+00
1.000000000000000000e+00
1.000000000000000000e+00
1.000000000000000000e+00
1.000000000000000000e+00
