1.908065915004336643e-03
3.810536328791652109e-03
5.768961754749181957e-03
7.732982681923733850e-03
9.702599110315306488e-03
1.165542903505581603e-02
1.359147245614525899e-02
1.553870687966874518e-02
1.752510981171138266e-02
1.948913073888593889e-02
2.144755616484346483e-02
2.340038608958397090e-02
2.532523850823937411e-02
2.728366393419690700e-02
2.925328036258847964e-02
3.121170578854600558e-02
3.317013121450353152e-02
3.512296113924404800e-02
3.705340905911647109e-02
3.902862098872506708e-02
4.100942841955068641e-02
4.298464034915928239e-02
4.493747027389978499e-02
4.691268220350838097e-02
4.887110762946590692e-02
5.083512855664046315e-02
5.278795848138097269e-02
5.473519290490445194e-02
5.669921383207900817e-02
5.866323475925355746e-02
6.063285118764513010e-02
6.259127661360266992e-02
6.456089304199423562e-02
6.651372296673474516e-02
6.847214839269226416e-02
7.042497831743280146e-02
7.238340374339032046e-02
7.433623366813081612e-02
7.630025459530535847e-02
7.826987102369695193e-02
8.022270094843746147e-02
8.220350837926307386e-02
8.417312480765463956e-02
8.613155023361217244e-02
8.809557116078672867e-02
9.007637859161235494e-02
9.203480401756987395e-02
9.400442044596143965e-02
9.596844137313599588e-02
9.792686679909352876e-02
9.988529222505106164e-02
1.018493131522256040e-01
1.038021430769661135e-01
1.057661640041406698e-01
1.077078029264471465e-01
1.096606328511876283e-01
1.116190582771451750e-01
1.135551016982346145e-01
1.155079316229751241e-01
1.174887390538007226e-01
1.194359734773242226e-01
1.213776123996306716e-01
1.233472288280222651e-01
1.253000587527627885e-01
1.272528886775032841e-01
1.292113141034608170e-01
1.311641440282013127e-01
1.331169739529418083e-01
1.350977813837674346e-01
1.370506113085079580e-01
1.390146322356825281e-01
1.409842486640740800e-01
1.429314830875975662e-01
1.448675265086870056e-01
1.468259519346445385e-01
1.487843773606020714e-01
1.507595892902106605e-01
1.527236102173852028e-01
1.546652491396916795e-01
1.566124835632151657e-01
1.585765044903897358e-01
1.605405254175642782e-01
1.625101418459558578e-01
1.644517807682623345e-01
1.664269926978709235e-01
1.683966091262624754e-01
1.703662255546540549e-01
1.723190554793945783e-01
1.742662899029180645e-01
1.762079288252245413e-01
1.781831407548331303e-01
1.801527571832247099e-01
1.821279691128332989e-01
1.840919900400078413e-01
1.860672019696164303e-01
1.880480094004420288e-01
1.900120303276165989e-01
1.919984332596592347e-01
1.939848361917018704e-01
1.959656436225274967e-01
1.979520465545701324e-01
1.999384494866127959e-01
2.019192569174383389e-01
2.038888733458299463e-01
2.058640852754385353e-01
2.078448927062641616e-01
2.098312956383067696e-01
2.118176985703494331e-01
2.138041015023920965e-01
2.157849089332176951e-01
2.177713118652603586e-01
2.197577147973029665e-01
2.217441177293456300e-01
2.237305206613882103e-01
2.257113280922138365e-01
2.276977310242565000e-01
2.296785384550821263e-01
2.316593458859076970e-01
2.336401533167333233e-01
2.356209607475589496e-01
2.376017681783845481e-01
2.395881711104272116e-01
2.415689785412528379e-01
2.435553814732955014e-01
2.455417844053380816e-01
2.475225918361637356e-01
2.494978037657723247e-01
2.514786111965979232e-01
2.534650141286405312e-01
2.554458215594661574e-01
2.574210334890748020e-01
2.594018409199004283e-01
2.613882438519429807e-01
2.633746467839856997e-01
2.653610497160283077e-01
2.673474526480709712e-01
2.693338555801135792e-01
2.713202585121562427e-01
2.733066614441989062e-01
2.752930643762415697e-01
2.772738718070671404e-01
2.792602747391098039e-01
2.812466776711524119e-01
2.832330806031950199e-01
2.852026970315866272e-01
2.871890999636292907e-01
2.891699073944548615e-01
2.911563103264974695e-01
2.931427132585401329e-01
2.951291161905827964e-01
2.971155191226254044e-01
2.991019220546680679e-01
3.010827294854936942e-01
3.030691324175363022e-01
3.050555353495789657e-01
3.070419382816215181e-01
3.090283412136641816e-01
3.110147441457068451e-01
3.130011470777495086e-01
3.149819545085751349e-01
3.169683574406177429e-01
3.189547603726603509e-01
3.209411633047030143e-01
3.229219707355286961e-01
3.249083736675713041e-01
3.268891810983968749e-01
3.288643930280054639e-01
3.308507959600481274e-01
3.328371988920907354e-01
3.348236018241333989e-01
3.368100047561760624e-01
3.387964076882186704e-01
3.407828106202613339e-01
3.427636180510869046e-01
3.447500209831295681e-01
3.467308284139551389e-01
3.487172313459978024e-01
3.507036342780404659e-01
3.526900372100831293e-01
3.546764401421257373e-01
3.566628430741684008e-01
3.586492460062109533e-01
3.606300534370366351e-01
3.626108608678622613e-01
3.645972637999048693e-01
3.665836667319475328e-01
3.685700696639901963e-01
3.705508770948157671e-01
3.725372800268583751e-01
3.745236829589010386e-01
3.765100858909436465e-01
3.784964888229863655e-01
3.804828917550289735e-01
3.824636991858545443e-01
3.844501021178972078e-01
3.864365050499398158e-01
3.884229079819824793e-01
3.904093109140250872e-01
3.923957138460677507e-01
3.943821167781104142e-01
3.963629242089360405e-01
3.983493271409786485e-01
4.003357300730212565e-01
4.023221330050639755e-01
4.043029404358895462e-01
4.062893433679321542e-01
4.082701507987578360e-01
4.102565537308004440e-01
4.122317656604090885e-01
4.142181685924516965e-01
4.162045715244943045e-01
4.181909744565369680e-01
4.201717818873625387e-01
4.221581848194052577e-01
4.241445877514478657e-01
4.261309906834904737e-01
4.281062026130990072e-01
4.300926055451417263e-01
4.320734129759672970e-01
4.340598159080099050e-01
4.360462188400525685e-01
4.380326217720952320e-01
4.400190247041378955e-01
4.420054276361805035e-01
4.439918305682232225e-01
4.459726379990487932e-01
4.479590409310914012e-01
4.499454438631341202e-01
4.519318467951767282e-01
4.539182497272192807e-01
4.559046526592619442e-01
4.578910555913046077e-01
4.598774585233472156e-01
4.618638614553898236e-01
4.638502643874325426e-01
4.658366673194751506e-01
4.678230702515177586e-01
4.698094731835604776e-01
4.717902806143860484e-01
4.737766835464286563e-01
4.757630864784713198e-01
4.777494894105139278e-01
4.797358923425566468e-01
4.817166997733822176e-01
4.836919117029908621e-01
4.856783146350333591e-01
4.876591220658591519e-01
4.896455249979016489e-01
4.916319279299442568e-01
4.936183308619869203e-01
4.956047337940295838e-01
4.975911367260722473e-01
4.995775396581148553e-01
5.015639425901575743e-01
5.035503455222001268e-01
5.055367484542427903e-01
5.075231513862854538e-01
5.095095543183280062e-01
5.114903617491537435e-01
5.134767646811964070e-01
5.154631676132390705e-01
5.174495705452816230e-01
5.194359734773242865e-01
5.214223764093668390e-01
5.234087793414095025e-01
5.253951822734521659e-01
5.273815852054948294e-01
5.293623926363204557e-01
5.313487955683631192e-01
5.333351985004057827e-01
5.353216014324482241e-01
5.373080043644909987e-01
5.392944072965335511e-01
5.412808102285762146e-01
5.432560221581848037e-01
5.452424250902274672e-01
5.472288280222701307e-01
5.492152309543127942e-01
5.512016338863554576e-01
5.531880368183980101e-01
5.551744397504406736e-01
5.571608426824832261e-01
5.591472456145260006e-01
5.611280530453515158e-01
5.631144559773941793e-01
5.651008589094368428e-01
5.670872618414793953e-01
5.690736647735221698e-01
5.710600677055648333e-01
5.730464706376073858e-01
5.750272780684330121e-01
5.770136810004756756e-01
5.790000839325182280e-01
5.809808913633438543e-01
5.829616987941694806e-01
5.849481017262121441e-01
5.869345046582548076e-01
5.889153120890804338e-01
5.909017150211230973e-01
5.928881179531657608e-01
5.948745208852083133e-01
5.968609238172508658e-01
5.988473267492936403e-01
6.008337296813361927e-01
6.028201326133788562e-01
6.048065355454215197e-01
6.067929384774641832e-01
6.087793414095068467e-01
6.107657443415493992e-01
6.127521472735920627e-01
6.147385502056346152e-01
6.167249531376773897e-01
6.187113560697199421e-01
6.206977590017626056e-01
6.226841619338052691e-01
6.246705648658478216e-01
6.266569677978905961e-01
6.286433707299332596e-01
6.306297736619758121e-01
6.326161765940183646e-01
6.346025795260611391e-01
6.365889824581036915e-01
6.385753853901463550e-01
6.405617883221890185e-01
6.425425957530146448e-01
6.445289986850571973e-01
6.465154016170998608e-01
6.485018045491425243e-01
6.504882074811850767e-01
6.524634194107937768e-01
6.544498223428363293e-01
6.564362252748789928e-01
6.584226282069216563e-01
6.604090311389643198e-01
6.623954340710068722e-01
6.643818370030496467e-01
6.663682399350921992e-01
6.683546428671348627e-01
6.703410457991774152e-01
6.723274487312200787e-01
6.743138516632627422e-01
6.763002545953054057e-01
6.782866575273480692e-01
6.802730604593906216e-01
6.822594633914332851e-01
6.842458663234759486e-01
6.862266737543016859e-01
6.882130766863442384e-01
6.901994796183867908e-01
6.921858825504294543e-01
6.941722854824720068e-01
6.961586884145147813e-01
6.981450913465574448e-01
7.001258987773830711e-01
7.021123017094256236e-01
7.040987046414682871e-01
7.060851075735109506e-01
7.080715105055535030e-01
7.100579134375961665e-01
7.120443163696388300e-01
7.140307193016814935e-01
7.160171222337240460e-01
7.180035251657667095e-01
7.199843325965924468e-01
7.219707355286351103e-01
7.239515429594606255e-01
7.259379458915031780e-01
7.279243488235458415e-01
7.299107517555885050e-01
7.318971546876311685e-01
7.338835576196738320e-01
7.358699605517164954e-01
7.378563634837591589e-01
7.398427664158016004e-01
7.418291693478442639e-01
7.438155722798869274e-01
7.458019752119297019e-01
7.477883781439722544e-01
7.497747810760149179e-01
7.517611840080575814e-01
7.537475869401001338e-01
7.557339898721427973e-01
7.577203928041854608e-01
7.597067957362281243e-01
7.616931986682706768e-01
7.636796016003133403e-01
7.656660045323560038e-01
7.676524074643985562e-01
7.696388103964413308e-01
7.716252133284839942e-01
7.736116162605265467e-01
7.755924236913520620e-01
7.775788266233947255e-01
7.795652295554373890e-01
7.815516324874801635e-01
7.835380354195227159e-01
7.855188428503483422e-01
7.874996502811739685e-01
7.894860532132165210e-01
7.914724561452592955e-01
7.934532635760849217e-01
7.954396665081274742e-01
7.974148784377360633e-01
7.994012813697787267e-01
8.013876843018212792e-01
8.033740872338640537e-01
8.053604901659066062e-01
8.073468930979492697e-01
8.093332960299918222e-01
8.113196989620344857e-01
8.133061018940772602e-01
8.152869093249028865e-01
8.172677167557284017e-01
8.192541196877709542e-01
8.212349271185965804e-01
8.232157345494224288e-01
8.252021374814649812e-01
8.271885404135075337e-01
8.291749433455501972e-01
8.311613462775927497e-01
8.331477492096354132e-01
8.351341521416781877e-01
8.371205550737208512e-01
8.391069580057634036e-01
8.410933609378059561e-01
8.430797638698486196e-01
8.450661668018912831e-01
8.470525697339338356e-01
8.490277816635425356e-01
8.510141845955851991e-01
8.529893965251936772e-01
8.549757994572363407e-01
8.569622023892791152e-01
8.589486053213217787e-01
8.609350082533643311e-01
8.629214111854068836e-01
8.649078141174495471e-01
8.668942170494922106e-01
8.688806199815347631e-01
8.708670229135775376e-01
8.728534258456202011e-01
8.748342332764458273e-01
8.768206362084883798e-01
8.788070391405309323e-01
8.807878465713565586e-01
8.827630585009652586e-01
8.847326749293568104e-01
8.867078868589652885e-01
8.886886942897909147e-01
8.906695017206166520e-01
8.926447136502252411e-01
8.946143300786169039e-01
8.965839465070082337e-01
8.985479674341829703e-01
9.005119883613573739e-01
9.024704137873149623e-01
9.044288392132726617e-01
9.063872646392299171e-01
9.083456900651876165e-01
9.102985199899279456e-01
9.122569454158856450e-01
9.142097753406261962e-01
9.161682007665836736e-01
9.181210306913241137e-01
9.200794561172817021e-01
9.220378815432391795e-01
9.239851159667626934e-01
9.259379458915033556e-01
9.278907758162435737e-01
9.298492012422012731e-01
9.318076266681588615e-01
9.337436700892481900e-01
9.357020955152057784e-01
9.376549254399462185e-01
9.396021598634696215e-01
9.415493942869932464e-01
9.434854377080826859e-01
9.454158856279551992e-01
9.473519290490445277e-01
9.492823769689169300e-01
9.512016338863553688e-01
9.531208908037938077e-01
9.550401477212320245e-01
9.569314271325854993e-01
9.588338975463728264e-01
9.607307724589431164e-01
9.626220518702963691e-01
9.644965447779985102e-01
9.663710376857006512e-01
9.682511260946199405e-01
9.701088324986711919e-01
9.719833254063733330e-01
9.738578183140754740e-01
9.757211202193436517e-01
9.775788266233946811e-01
9.794197465237950428e-01
9.812326889181097744e-01
9.830120583051227268e-01
9.847522591836164185e-01
9.864756735584589986e-01
9.881599194247824292e-01
9.897994012813697839e-01
9.914109056318720636e-01
9.929384774641187850e-01
9.944156897854125043e-01
9.957530145762806262e-01
9.969728338415914104e-01
9.979912150630891876e-01
9.988137537419914391e-01
9.995020003916851303e-01
9.999384494866128126e-01
1.000000000000000000e+00
