2.299146457119631212e-02
4.760872510499931931e-02
5.583254301585151291e-02
6.238992006503183557e-02
6.733504945129387131e-02
7.719821162444114038e-02
9.197940658447363582e-02
1.034683647202276069e-01
1.034683647202276069e-01
1.100257417694079365e-01
1.182224630808833277e-01
1.280585286546538359e-01
1.461048638395881505e-01
1.543015851510635417e-01
1.592196179379487819e-01
1.674298875491125882e-01
1.756537054599647818e-01
1.855033193334236497e-01
2.019374068554396495e-01
2.052160953800298004e-01
2.068689879420132771e-01
2.101476764666034280e-01
2.199837420403739363e-01
2.232759788646525023e-01
2.314997967755046682e-01
2.380571738246849700e-01
2.479067876981438656e-01
2.594092941335862657e-01
2.659802194824549271e-01
2.725511448313236995e-01
2.774691776182089398e-01
2.856658989296843587e-01
2.905974800162579585e-01
3.004335455900284391e-01
3.086438152011922176e-01
3.184934290746511132e-01
3.267172469855033623e-01
3.365533125592737873e-01
3.431242379081425042e-01
3.480422706950278000e-01
3.579054328681750552e-01
3.595447771304701168e-01
3.644628099173553570e-01
3.726730795285191911e-01
3.792440048773879080e-01
3.808968974393713847e-01
3.891207153502235228e-01
3.940522964367971781e-01
4.006232217856658950e-01
4.088199430971412585e-01
4.170302127083050925e-01
4.236011380571739204e-01
4.334643002303210646e-01
4.400352255791898370e-01
4.531635279772389113e-01
4.630131418506976959e-01
4.712234114618615299e-01
4.860046064218940254e-01
4.958948651944181663e-01
4.975342094567132278e-01
5.090096192927788810e-01
5.221514699905162038e-01
5.270695027774014996e-01
5.369191166508603397e-01
5.467687305243191798e-01
5.549790001354830693e-01
5.648421623086303800e-01
5.746917761820891091e-01
5.763311204443841707e-01
5.862213792169083115e-01
5.927787562660885579e-01
5.976967890529738536e-01
6.091857471887277553e-01
6.239669421487603618e-01
6.321772117599241403e-01
6.403739330713995592e-01
6.436661698956781530e-01
6.502235469448585103e-01
6.633789459422843038e-01
6.748814523777266761e-01
6.814523777265952820e-01
6.880097547757756393e-01
6.929277875626609351e-01
7.060831865600867285e-01
7.093754233843652113e-01
7.142934561712505070e-01
7.192250372578241624e-01
7.290881994309714731e-01
7.405771575667253748e-01
7.537190082644628086e-01
7.569976967890529318e-01
7.619292778756265871e-01
7.652215146999050699e-01
7.717924400487738978e-01
7.750846768730523806e-01
7.767240211353474422e-01
7.832813981845279105e-01
7.832813981845279105e-01
7.832813981845279105e-01
7.849207424468229721e-01
7.849207424468229721e-01
7.849207424468229721e-01
7.865600867091180337e-01
7.914781194960033295e-01
7.947568080205934526e-01
7.963961522828885142e-01
7.963961522828885142e-01
7.963961522828885142e-01
7.963961522828885142e-01
7.980490448448719354e-01
7.980490448448719354e-01
7.980490448448719354e-01
7.980490448448719354e-01
7.980490448448719354e-01
7.997019374068554676e-01
7.997019374068554676e-01
8.013412816691504181e-01
8.029806259314457018e-01
8.046199701937407633e-01
8.062593144560358249e-01
8.078986587183308865e-01
8.078986587183308865e-01
8.095380029806259481e-01
8.095380029806259481e-01
8.095380029806259481e-01
8.111773472429210097e-01
8.144560357675111328e-01
8.160953800298061944e-01
8.160953800298061944e-01
8.177347242921012560e-01
8.210134128166914902e-01
8.226527570789865518e-01
8.226527570789865518e-01
8.226527570789865518e-01
8.226527570789865518e-01
8.226527570789865518e-01
8.226527570789865518e-01
8.226527570789865518e-01
8.226527570789865518e-01
8.226527570789865518e-01
8.242921013412816134e-01
8.242921013412816134e-01
8.242921013412816134e-01
8.242921013412816134e-01
8.292372307275437393e-01
8.292372307275437393e-01
8.308765749898388009e-01
8.308765749898388009e-01
8.308765749898388009e-01
8.308765749898388009e-01
8.308765749898388009e-01
8.308765749898388009e-01
8.325159192521338625e-01
8.325159192521338625e-01
8.325159192521338625e-01
8.325159192521338625e-01
8.325159192521338625e-01
8.325159192521338625e-01
8.325159192521338625e-01
8.341552635144289241e-01
8.341552635144289241e-01
8.341552635144289241e-01
8.341552635144289241e-01
8.357946077767239856e-01
8.357946077767239856e-01
8.374339520390190472e-01
8.407261888632977520e-01
8.407261888632977520e-01
8.407261888632977520e-01
8.407261888632977520e-01
8.407261888632977520e-01
8.407261888632977520e-01
8.407261888632977520e-01
8.423790814252811732e-01
8.423790814252811732e-01
8.440184256875762348e-01
8.440184256875762348e-01
8.440184256875762348e-01
8.440184256875762348e-01
8.440184256875762348e-01
8.440184256875762348e-01
8.440184256875762348e-01
8.456577699498712963e-01
8.472971142121664689e-01
8.472971142121664689e-01
8.472971142121664689e-01
8.472971142121664689e-01
8.489364584744615305e-01
8.489364584744615305e-01
8.489364584744615305e-01
8.489364584744615305e-01
8.489364584744615305e-01
8.489364584744615305e-01
8.505758027367565921e-01
8.505758027367565921e-01
8.505758027367565921e-01
8.505758027367565921e-01
8.505758027367565921e-01
8.505758027367565921e-01
8.505758027367565921e-01
8.522151469990516537e-01
8.522151469990516537e-01
8.522151469990516537e-01
8.522151469990516537e-01
8.538544912613467153e-01
8.538544912613467153e-01
8.554938355236417769e-01
8.554938355236417769e-01
8.587860723479202596e-01
8.587860723479202596e-01
8.587860723479202596e-01
8.587860723479202596e-01
8.604254166102153212e-01
8.604254166102153212e-01
8.604254166102153212e-01
8.604254166102153212e-01
8.637041051348056664e-01
8.637041051348056664e-01
8.653434493971007280e-01
8.653434493971007280e-01
8.653434493971007280e-01
8.653434493971007280e-01
8.653434493971007280e-01
8.653434493971007280e-01
8.653434493971007280e-01
8.669827936593957896e-01
8.669827936593957896e-01
8.669827936593957896e-01
8.669827936593957896e-01
8.669827936593957896e-01
8.669827936593957896e-01
8.669827936593957896e-01
8.669827936593957896e-01
8.669827936593957896e-01
8.669827936593957896e-01
8.669827936593957896e-01
8.669827936593957896e-01
8.669827936593957896e-01
8.686221379216908511e-01
8.686221379216908511e-01
8.686221379216908511e-01
8.686221379216908511e-01
8.686221379216908511e-01
8.702750304836743833e-01
8.735537190082645065e-01
8.735537190082645065e-01
8.751930632705594570e-01
8.751930632705594570e-01
8.751930632705594570e-01
8.751930632705594570e-01
8.751930632705594570e-01
8.751930632705594570e-01
8.751930632705594570e-01
8.751930632705594570e-01
8.751930632705594570e-01
8.751930632705594570e-01
8.751930632705594570e-01
8.751930632705594570e-01
8.768459558325429892e-01
8.768459558325429892e-01
8.768459558325429892e-01
8.768459558325429892e-01
8.768459558325429892e-01
8.768459558325429892e-01
8.768459558325429892e-01
8.768459558325429892e-01
8.768459558325429892e-01
8.784853000948380508e-01
8.784853000948380508e-01
8.784853000948380508e-01
8.784853000948380508e-01
8.784853000948380508e-01
8.784853000948380508e-01
8.784853000948380508e-01
8.817639886194281740e-01
8.817639886194281740e-01
8.817639886194281740e-01
8.817639886194281740e-01
8.817639886194281740e-01
8.817639886194281740e-01
8.817639886194281740e-01
8.817639886194281740e-01
8.817639886194281740e-01
8.834033328817234576e-01
8.834033328817234576e-01
8.834033328817234576e-01
8.834033328817234576e-01
8.834033328817234576e-01
8.834033328817234576e-01
8.834033328817234576e-01
8.850426771440185192e-01
8.850426771440185192e-01
8.850426771440185192e-01
8.866955697060019403e-01
8.883349139682970019e-01
8.883349139682970019e-01
8.883349139682970019e-01
8.899742582305920635e-01
8.899742582305920635e-01
8.899742582305920635e-01
8.899742582305920635e-01
8.899742582305920635e-01
8.899742582305920635e-01
8.899742582305920635e-01
8.899742582305920635e-01
8.899742582305920635e-01
8.899742582305920635e-01
8.899742582305920635e-01
8.899742582305920635e-01
8.899742582305920635e-01
8.899742582305920635e-01
8.899742582305920635e-01
8.899742582305920635e-01
8.899742582305920635e-01
8.899742582305920635e-01
8.899742582305920635e-01
8.899742582305920635e-01
8.899742582305920635e-01
8.899742582305920635e-01
8.899742582305920635e-01
8.899742582305920635e-01
8.899742582305920635e-01
8.899742582305920635e-01
8.899742582305920635e-01
8.916136024928871251e-01
8.916136024928871251e-01
8.916136024928871251e-01
8.916136024928871251e-01
8.916136024928871251e-01
8.949058393171658299e-01
8.949058393171658299e-01
8.949058393171658299e-01
8.949058393171658299e-01
8.949058393171658299e-01
8.949058393171658299e-01
8.949058393171658299e-01
8.949058393171658299e-01
8.949058393171658299e-01
8.949058393171658299e-01
8.949058393171658299e-01
8.949058393171658299e-01
8.949058393171658299e-01
8.949058393171658299e-01
8.949058393171658299e-01
8.949058393171658299e-01
8.949058393171658299e-01
8.965451835794608915e-01
8.965451835794608915e-01
8.965451835794608915e-01
8.965451835794608915e-01
8.965451835794608915e-01
8.965451835794608915e-01
8.965451835794608915e-01
8.981845278417559530e-01
8.981845278417559530e-01
8.981845278417559530e-01
8.981845278417559530e-01
8.981845278417559530e-01
8.981845278417559530e-01
8.981845278417559530e-01
8.981845278417559530e-01
8.981845278417559530e-01
8.981845278417559530e-01
8.998238721040510146e-01
8.998238721040510146e-01
9.014632163663460762e-01
9.014632163663460762e-01
9.014632163663460762e-01
9.014632163663460762e-01
9.014632163663460762e-01
9.014632163663460762e-01
9.014632163663460762e-01
9.014632163663460762e-01
9.014632163663460762e-01
9.014632163663460762e-01
9.014632163663460762e-01
9.014632163663460762e-01
9.014632163663460762e-01
9.014632163663460762e-01
9.014632163663460762e-01
9.014632163663460762e-01
9.014632163663460762e-01
9.014632163663460762e-01
9.014632163663460762e-01
9.014632163663460762e-01
9.014632163663460762e-01
9.014632163663460762e-01
9.014632163663460762e-01
9.014632163663460762e-01
9.014632163663460762e-01
9.014632163663460762e-01
9.031161089283294974e-01
9.031161089283294974e-01
9.031161089283294974e-01
9.031161089283294974e-01
9.031161089283294974e-01
9.047554531906245590e-01
9.063947974529197316e-01
9.063947974529197316e-01
9.063947974529197316e-01
9.080341417152147931e-01
9.080341417152147931e-01
9.113128302398049163e-01
9.113128302398049163e-01
9.113128302398049163e-01
9.113128302398049163e-01
9.113128302398049163e-01
9.113128302398049163e-01
9.113128302398049163e-01
9.113128302398049163e-01
9.113128302398049163e-01
9.129657228017883375e-01
9.146050670640833991e-01
9.146050670640833991e-01
9.162444113263784606e-01
9.178837555886735222e-01
9.178837555886735222e-01
9.178837555886735222e-01
9.178837555886735222e-01
9.178837555886735222e-01
9.178837555886735222e-01
9.178837555886735222e-01
9.178837555886735222e-01
9.178837555886735222e-01
9.178837555886735222e-01
9.178837555886735222e-01
9.178837555886735222e-01
9.178837555886735222e-01
9.211624441132638674e-01
9.211624441132638674e-01
9.244411326378539906e-01
9.244411326378539906e-01
9.244411326378539906e-01
9.244411326378539906e-01
9.244411326378539906e-01
9.244411326378539906e-01
9.244411326378539906e-01
9.244411326378539906e-01
9.244411326378539906e-01
9.244411326378539906e-01
9.244411326378539906e-01
9.260940251998374118e-01
9.260940251998374118e-01
9.260940251998374118e-01
9.260940251998374118e-01
9.277333694621324733e-01
9.310256062864109561e-01
9.326784988483944883e-01
9.326784988483944883e-01
9.326784988483944883e-01
9.343313914103779094e-01
9.359842839723613306e-01
9.359842839723613306e-01
9.376236282346566142e-01
9.376236282346566142e-01
9.376236282346566142e-01
9.376236282346566142e-01
9.376236282346566142e-01
9.376236282346566142e-01
9.392629724969516758e-01
9.392629724969516758e-01
9.409158650589350970e-01
9.409158650589350970e-01
9.425687576209185181e-01
9.425687576209185181e-01
9.425687576209185181e-01
9.458474461455088633e-01
9.474867904078039249e-01
9.491261346700989865e-01
9.491261346700989865e-01
9.491261346700989865e-01
9.556835117192792328e-01
9.556835117192792328e-01
9.573228559815742944e-01
9.589622002438693560e-01
9.589622002438693560e-01
9.606015445061645286e-01
9.638802330307546518e-01
9.638802330307546518e-01
9.638802330307546518e-01
9.655195772930497133e-01
9.671589215553447749e-01
9.687982658176398365e-01
9.737162986045250213e-01
9.753556428668200828e-01
9.753556428668200828e-01
9.753556428668200828e-01
9.786478796910987876e-01
9.802872239533938492e-01
9.802872239533938492e-01
9.852188050399675046e-01
9.852188050399675046e-01
9.852188050399675046e-01
9.852188050399675046e-01
9.852188050399675046e-01
9.868581493022624551e-01
9.885110418642459873e-01
9.901503861265410489e-01
9.917897303888363325e-01
9.917897303888363325e-01
9.917897303888363325e-01
9.950819672131148153e-01
9.950819672131148153e-01
9.950819672131148153e-01
9.950819672131148153e-01
9.983606557377049384e-01
9.983606557377049384e-01
9.983606557377049384e-01
9.983606557377049384e-01
1.000000000000000000e+00
1.000000000000000000e+00
1.000000000000000000e+00
