0.000000000000000000e+00
7.306598021948247368e-01
7.734453326107573190e-01
7.898387752337081569e-01
7.980625931445604060e-01
8.341959084134940028e-01
8.653976425958542773e-01
9.112992819401165567e-01
9.145915187643950395e-01
9.277062728627557542e-01
9.342771982116244711e-01
9.391952309985096559e-01
9.408345752608047174e-01
9.457526080476899022e-01
9.523506299959354493e-01
9.687440726188862872e-01
9.687440726188862872e-01
9.703969651808698194e-01
9.753149979677550041e-01
9.753149979677550041e-01
9.769543422300500657e-01
9.769543422300500657e-01
9.785936864923451273e-01
9.835388158786072532e-01
9.851781601409023148e-01
9.868175044031973764e-01
9.884703969651809086e-01
9.884703969651809086e-01
9.884703969651809086e-01
9.884703969651809086e-01
9.884703969651809086e-01
9.901097412274759701e-01
9.917626337894593913e-01
9.917626337894593913e-01
9.917626337894593913e-01
9.917626337894593913e-01
9.917626337894593913e-01
9.917626337894593913e-01
9.917626337894593913e-01
9.917626337894593913e-01
9.983606557377049384e-01
9.983606557377049384e-01
9.983606557377049384e-01
9.983606557377049384e-01
1.000000000000000000e+00
1.000000000000000000e+00
1.000000000000000000e+00
1.000000000000000000e+00
1.000000000000000000e+00
1.000000000000000000e+00
1.000000000000000000e+00
1.000000000000000000e+00
1.000000000000000000e+00
1.000000000000000000e+00
1.000000000000000000e+00
1.000000000000000000e+00
1.000000000000000000e+00
1.000000000000000000e+00
1.000000000000000000e+00
1.000000000000000000e+00
1.000000000000000000e+00
1.000000000000000000e+00
1.000000000000000000e+00
1.000000000000000000e+00
1.000000000000000000e+00
1.000000000000000000e+00
1.000000000000000000e+00
1.000000000000000000e+00
1.000000000000000000e+00
1.000000000000000000e+00
1.000000000000000000e+00
1.000000000000000000e+00
1.000000000000000000e+00
1.000000000000000000e+00
1.000000000000000000e+00
1.000000000000000000e+00
1.000000000000000000e+00
1.000000000000000000e+00
1.000000000000000000e+00
1.000000000000000000e+00
1.000000000000000000e+00
1.000000000000000000e+00
1.000000000000000000e+00
1.000000000000000000e+00
1.000000000000000000e+00
1.000000000000000000e+00
1.000000000000000000e+00
1.000000000000000000e+00
1.000000000000000000e+00
1.000000000000000000e+00
1.000000000000000000e+00
1.000000000000000000e+00
1.000000000000000000e+00
1.000000000000000000e+00
1.000000000000000000e+00
1.000000000000000000e+00
1.000000000000000000e+00
1.000000000000000000e+00
1.000000000000000000e+00
1.000000000000000000e+00
