0
0
0
0
0
0
0
0
0
0
0
0
0
0
0
0
0
0
0
0
0
0
5.5955e-05
5.5955e-05
0.00011191
0.00011191
0.00011191
0.00022382
0.00022382
0.00033573
0.00033573
0.00033573
0.00033573
0.00033573
0.00033573
0.00033573
0.00033573
0.00033573
0.00033573
0.00033573
0.00033573
0.00033573
0.00036371
0.00036371
0.00036371
0.00039169
0.00039169
0.00039169
0.00041966
0.00041966
0.00055955
0.00055955
0.00055955
0.00061551
0.00061551
0.00061551
0.00061551
0.00061551
0.00075539
0.00075539
0.00081135
0.00081135
0.00083933
0.00083933
0.00083933
0.001203
0.001203
0.0018465
0.0021543
0.0022382
0.002434
0.0026299
0.0026579
0.0026858
0.0026858
0.0026858
0.0026858
0.0026858
0.0027138
0.0027418
0.0027418
0.0027418
0.0027418
0.0027698
0.0027698
0.0027698
0.0027698
0.0028257
0.0028257
0.0028817
0.0029097
0.0032174
0.0032734
0.003721
0.0038329
0.0038329
0.0038329
0.0038329
0.0038609
0.0038609
0.0038609
0.0041686
0.0041686
0.0041966
0.0043365
0.0044484
0.0048961
0.0048961
0.004952
0.004952
0.0051479
0.0051479
0.0051758
0.0052038
0.0052038
0.0052318
0.0052318
0.0052598
0.0052877
0.0052877
0.0053717
0.0053717
0.0054276
0.0054276
0.0054276
0.0054276
0.0056235
0.0057074
0.0057354
0.0058473
0.0058753
0.0059312
0.0059312
0.0059592
0.006211
0.006267
0.0063229
0.0063229
0.0063789
0.0064348
0.0064628
0.0065467
0.0067706
0.0067985
0.0068825
0.0069104
0.0071343
0.0071622
0.0072462
0.007442
0.00747
0.007498
0.0075259
0.0075539
0.0075819
0.0076099
0.0091766
0.0091766
0.0092326
0.0093165
0.0093165
0.0094284
0.0094284
0.0094844
0.0095124
0.0097362
0.009904
0.010128
0.010156
0.010156
0.012254
0.012282
0.012506
0.012618
0.012646
0.01273
0.012898
0.012982
0.01301
0.013485
0.013513
0.013569
0.013569
0.013569
0.013625
0.013877
0.014436
0.01452
0.014604
0.014632
0.016171
0.016171
0.016339
0.016367
0.016367
0.016814
0.016814
0.016814
0.017346
0.01743
0.01743
0.017458
0.017486
0.017598
0.017598
0.017822
0.017822
0.01785
0.017878
0.017962
0.018521
0.018773
0.018801
0.019025
0.0195
0.01964
0.020088
0.020116
0.020144
0.020284
0.02034
0.02034
0.02034
0.02034
0.02034
0.020368
0.020396
0.020396
0.020675
0.020675
0.020955
0.021543
0.021794
0.021794
0.022382
0.022382
0.022578
0.022578
0.022634
0.022662
0.02269
0.02269
0.02269
0.02269
0.022942
0.02297
0.023585
0.023641
0.023641
0.023641
0.023725
0.023921
0.024061
0.024452
0.024536
0.024564
0.024592
0.024648
0.02504
0.025068
0.025068
0.025655
0.025655
0.025683
0.025683
0.025879
0.025907
0.025907
0.025963
0.026019
0.026103
0.026411
0.026495
0.026719
0.026719
0.026774
0.026802
0.027138
0.027138
0.027138
0.027194
0.027194
0.027362
0.027362
0.027558
0.02781
0.02781
0.027866
0.027866
0.02795
0.028285
0.028285
0.028285
0.028453
0.028453
0.028789
0.028789
0.028873
0.028929
0.028957
0.029097
0.029097
0.029181
0.029376
0.0296
0.029628
0.029628
0.029712
0.029712
0.029768
0.029768
0.029824
0.029824
0.029824
0.029824
0.029824
0.02988
0.02988
0.029936
0.030104
0.030328
0.030328
0.030523
0.030523
0.030523
0.030523
0.030523
0.030579
0.030607
0.030831
0.030831
0.030831
0.030831
0.030859
0.030859
0.030859
0.030887
0.030887
0.030887
0.031027
0.031027
0.031195
0.031195
0.031223
0.031223
0.031223
0.031223
0.031223
0.031251
0.031279
0.031279
0.031279
0.031447
0.031671
0.031671
0.031671
0.031726
0.031726
0.031838
0.03209
0.03209
0.032118
0.032118
0.032118
0.032118
0.032118
0.032118
0.032258
0.032258
0.032314
0.032314
0.032314
0.032314
0.032314
0.032398
0.032398
0.032426
0.032482
0.032482
0.032622
0.032622
0.032622
0.032846
0.032846
0.032874
0.032874
0.032874
0.032902
0.032902
0.033041
0.033041
0.033097
0.033097
0.033349
0.033349
0.033349
0.033377
0.033377
0.033405
0.033405
0.033405
0.033433
0.033433
0.033433
0.033433
0.033433
0.033433
0.033461
0.033461
0.033517
0.033573
0.033629
0.033629
0.033797
0.034021
0.034021
0.034021
0.034021
0.034021
0.034049
0.034049
0.034077
0.034077
0.034105
0.034105
0.03458
0.03458
0.03458
0.034608
0.034608
0.034636
0.034636
0.034636
0.034832
0.034832
0.034832
0.034832
0.034832
0.034832
0.034832
0.034972
0.034972
0.034972
0.035
0.035
0.035168
0.035168
0.035168
0.03528
0.035308
0.035308
0.035336
0.035336
0.035615
0.035615
0.035671
0.035755
0.035755
0.036231
0.036315
0.036427
0.036455
0.036539
0.036623
0.036623
0.036818
0.036818
0.03721
0.03721
0.03721
0.03721
0.03721
0.03721
0.037238
0.037266
0.037294
0.037294
0.037294
0.037462
0.037462
0.037714
0.037714
0.037742
0.03777
0.03777
0.03777
0.03777
0.037826
0.037826
0.037826
0.037993
0.037993
0.037993
0.037993
0.038049
0.038189
0.038329
0.038329
0.038357
0.038413
0.038581
0.038581
0.038581
0.038693
0.038693
0.038693
0.038721
0.038777
0.038973
0.039001
0.039364
0.039588
0.039756
0.039784
0.039784
0.039784
0.03984
0.039896
0.039924
0.040288
0.040511
0.040679
0.040735
0.041379
0.041742
0.041742
0.04177
0.041994
0.042078
0.042162
0.042554
0.042638
0.04289
0.042945
0.043141
0.043337
0.043645
0.043673
0.043897
0.044065
0.044093
0.04426
0.044288
0.044512
0.044624
0.04482
0.044876
0.0451
0.04524
0.045324
0.045435
0.045463
0.045575
0.045687
0.045939
0.046163
0.046303
0.046471
0.046499
0.046778
0.046834
0.047254
0.047506
0.047646
0.047953
0.048093
0.048233
0.048457
0.048597
0.048625
0.048821
0.048877
0.049101
0.049352
0.049436
0.049576
0.049632
0.05008
0.050471
0.050667
0.050807
0.051059
0.051423
0.051954
0.052374
0.052626
0.053017
0.053381
0.053549
0.053941
0.054248
0.054556
0.055395
0.055535
0.055703
0.056207
0.057298
0.057662
0.057774
0.05783
0.058053
0.058333
0.058585
0.058697
0.058949
0.059648
0.059788
0.060012
0.060543
0.060963
0.061439
0.062026
0.06281
0.062921
0.063173
0.063369
0.063733
0.06432
0.064628
0.064908
0.065355
0.065719
0.066419
0.066503
0.06667
0.06723
0.067622
0.067789
0.068517
0.068573
0.0693
0.069608
0.069832
0.070587
0.071315
0.07179
0.072294
0.073133
0.073385
0.073665
0.074001
0.074812
0.075064
0.075371
0.075595
0.077078
0.077638
0.077973
0.078869
0.079344
0.079764
0.080128
0.080827
0.081191
0.081443
0.082142
0.082282
0.082702
0.083541
0.083821
0.08396
0.084492
0.085499
0.086199
0.086674
0.086814
0.08715
0.087849
0.088521
0.088996
0.090172
0.091039
0.091291
0.091598
0.092018
0.092214
0.093109
0.093445
0.093781
0.094032
0.094228
0.09462
0.095179
0.095571
0.095739
0.096187
0.09683
0.09711
0.097306
0.098313
0.098733
0.099264
0.099628
0.10027
0.10061
0.10136
0.10198
0.1024
0.10273
0.1031
0.10396
0.10441
0.10542
0.10609
0.10729
0.10908
0.10964
0.11076
0.11113
0.11152
0.11191
0.11258
0.11325
0.11378
0.11423
0.11462
0.11577
0.11675
0.11703
0.11737
0.11834
0.11902
0.11988
0.12061
0.12151
0.12254
0.12349
0.12372
0.1245
0.12495
0.12565
0.12637
0.12696
0.12752
0.12772
0.12794
0.12898
0.13102
0.13169
0.13225
0.13281
0.13326
0.13393
0.13617
0.13723
0.13759
0.13796
0.13894
0.13958
0.14039
0.14131
0.14207
0.14232
0.14297
0.14406
0.14573
0.1461
0.14646
0.14822
0.14979
0.15049
0.15175
0.15281
0.15416
0.15466
0.155
0.15578
0.15648
0.15726
0.15796
0.15894
0.15984
0.16067
0.16202
0.16353
0.1647
0.16641
0.1675
0.16781
0.16845
0.16898
0.16957
0.16999
0.17122
0.17354
0.17494
0.17603
0.17732
0.17827
0.17953
0.18087
0.1823
0.18297
0.18538
0.18725
0.18787
0.18918
0.19008
0.19299
0.19453
0.19553
0.19679
0.19878
0.19979
0.20107
0.20177
0.20264
0.20421
0.20608
0.20729
0.2079
0.20947
0.21061
0.21196
0.21246
0.21355
0.2149
0.21705
0.21769
0.21876
0.22155
0.22444
0.22827
0.2295
0.23009
0.23123
0.23247
0.23398
0.23507
0.23616
0.23767
0.23848
0.23982
0.2417
0.24301
0.24405
0.24584
0.24841
0.24928
0.25124
0.25177
0.253
0.25395
0.25524
0.25644
0.2579
0.25865
0.25999
0.26078
0.26299
0.26481
0.2676
0.26811
0.27021
0.27256
0.27393
0.27591
0.27731
0.2786
0.28101
0.28338
0.28607
0.28943
0.29046
0.29214
0.29472
0.29855
0.30034
0.30199
0.30255
0.30456
0.30775
0.31075
0.31245
0.31385
0.31584
0.31889
0.32395
0.3272
0.33064
0.33316
0.33514
0.33741
0.33895
0.34186
0.3467
0.34835
0.35084
0.35291
0.35587
0.35817
0.36379
0.36673
0.36969
0.37274
0.37691
0.37977
0.38522
0.38858
0.39356
0.39513
0.39999
0.40436
0.40688
0.413
0.41575
0.41969
0.42263
0.42764
0.42962
0.4341
0.43743
0.44081
0.44339
0.44831
0.45279
0.4576
0.46023
0.46373
0.46619
0.46946
0.47455
0.4785
0.48163
0.48605
0.48952
0.4933
0.49719
0.50035
0.50332
0.50656
0.50944
0.51565
0.52144
0.52525
0.53003
0.53252
0.53448
0.53812
0.54355
0.54525
0.54878
0.55222
0.55499
0.55779
0.56033
0.56363
0.56808
0.57119
0.57483
0.5809
0.5854
0.59024
0.59519
0.60003
0.60582
0.61019
0.61455
0.61872
0.62421
0.62863
0.63531
0.63895
0.64788
0.65406
0.66116
0.66763
0.67457
0.68324
0.6906
0.69493
0.70361
0.71225
0.72311
0.7303
0.74129
0.75229
0.76208
0.77053
0.78231
0.79386
0.80782
0.81865
0.83339
0.84853
0.8612
0.87668
0.89153
0.90762
0.92091
0.93118
0.94332
0.95672
0.96606
0.98044
0.99068
0.99438
0.99787
0.99936
1
