0.02459
0.02459
0.02459
0.02459
0.02459
0.02459
0.02459
0.02459
0.02459
0.02459
0.02459
0.02459
0.02459
0.02459
0.02459
0.02459
0.02459
0.02459
0.02459
0.02459
0.02459
0.02459
0.02459
0.02459
0.02459
0.02459
0.02459
0.02459
0.02459
0.02459
0.02459
0.02459
0.02459
0.02459
0.02459
0.02459
0.02459
0.02459
0.02459
0.02459
0.02459
0.02459
0.02459
0.02459
0.02459
0.02459
0.02459
0.02459
0.02459
0.02459
0.02459
0.02459
0.02459
0.02459
0.02459
0.02459
0.02459
0.02459
0.02459
0.032787
0.032787
0.032787
0.032787
0.032787
0.032787
0.032787
0.032787
0.032787
0.032787
0.032787
0.032787
0.040984
0.040984
0.040984
0.040984
0.040984
0.040984
0.040984
0.040984
0.040984
0.040984
0.040984
0.040984
0.040984
0.040984
0.040984
0.040984
0.040984
0.040984
0.040984
0.040984
0.040984
0.040984
0.040984
0.040984
0.040984
0.040984
0.040984
0.040984
0.040984
0.040984
0.040984
0.040984
0.040984
0.040984
0.040984
0.040984
0.040984
0.040984
0.040984
0.040984
0.040984
0.13115
0.13115
0.13115
0.13115
0.13115
0.13115
0.13115
0.13115
0.13115
0.13115
0.13115
0.13115
0.13115
0.13115
0.13115
0.13115
0.13115
0.13115
0.13115
0.13115
0.13115
0.13934
0.13934
0.15574
0.15574
0.15574
0.15574
0.15574
0.15574
0.16393
0.16393
0.16393
0.16393
0.16393
0.16393
0.16393
0.16393
0.16393
0.16393
0.16393
0.16393
0.16393
0.16393
0.17213
0.17213
0.17213
0.17213
0.17213
0.17213
0.17213
0.17213
0.17213
0.17213
0.17213
0.17213
0.17213
0.17213
0.18852
0.18852
0.19672
0.19672
0.19672
0.19672
0.19672
0.19672
0.19672
0.19672
0.19672
0.19672
0.19672
0.19672
0.19672
0.19672
0.19672
0.19672
0.19672
0.19672
0.19672
0.19672
0.19672
0.19672
0.19672
0.19672
0.19672
0.19672
0.19672
0.19672
0.19672
0.20492
0.20492
0.20492
0.20492
0.20492
0.20492
0.20492
0.20492
0.20492
0.20492
0.20492
0.20492
0.20492
0.22951
0.22951
0.22951
0.22951
0.22951
0.22951
0.2377
0.2377
0.2377
0.2377
0.2377
0.2377
0.2377
0.2377
0.2377
0.2377
0.2377
0.2377
0.2377
0.2541
0.2623
0.2623
0.2623
0.2623
0.2623
0.30328
0.30328
0.30328
0.30328
0.30328
0.30328
0.30328
0.30328
0.30328
0.30328
0.30328
0.30328
0.30328
0.30328
0.30328
0.30328
0.31148
0.31148
0.31148
0.43443
0.43443
0.5
0.5
0.5
0.5
0.5
0.5
0.5
0.5
0.55738
0.55738
0.55738
0.56557
0.56557
0.56557
0.56557
0.56557
0.56557
0.56557
0.56557
0.56557
0.57377
0.57377
0.57377
0.57377
0.57377
0.57377
0.57377
0.57377
0.57377
0.57377
0.57377
0.57377
0.57377
0.57377
0.57377
0.57377
0.57377
0.57377
0.57377
0.58197
0.58197
0.58197
0.58197
0.58197
0.58197
0.58197
0.58197
0.58197
0.58197
0.58197
0.59016
0.59016
0.59016
0.61475
0.61475
0.61475
0.61475
0.61475
0.61475
0.61475
0.61475
0.61475
0.61475
0.61475
0.61475
0.61475
0.61475
0.61475
0.61475
0.61475
0.61475
0.61475
0.61475
0.63115
0.63115
0.63115
0.63115
0.63115
0.63115
0.63115
0.63115
0.63115
0.63115
0.63934
0.63934
0.63934
0.63934
0.63934
0.63934
0.63934
0.63934
0.63934
0.63934
0.63934
0.63934
0.63934
0.63934
0.63934
0.63934
0.63934
0.63934
0.63934
0.63934
0.63934
0.63934
0.63934
0.63934
0.63934
0.67213
0.67213
0.68033
0.68033
0.68033
0.68033
0.68033
0.68033
0.68033
0.68033
0.68033
0.68033
0.68033
0.68033
0.68033
0.68033
0.68033
0.68033
0.68033
0.68033
0.68033
0.68033
0.68033
0.68033
0.68033
0.68033
0.68033
0.68033
0.68033
0.68033
0.68852
0.68852
0.68852
0.71311
0.71311
0.71311
0.72131
0.72131
0.72131
0.72131
0.72131
0.72131
0.72131
0.72131
0.72131
0.72131
0.72131
0.72131
0.72131
0.72131
0.72131
0.72131
0.72131
0.72131
0.72131
0.72131
0.72131
0.72131
0.72131
0.72951
0.72951
0.72951
0.72951
0.72951
0.72951
0.72951
0.72951
0.72951
0.72951
0.72951
0.72951
0.72951
0.72951
0.72951
0.7377
0.7377
0.7377
0.7377
0.7377
0.7377
0.7377
0.7377
0.7377
0.7377
0.7377
0.7377
0.7377
0.7377
0.7377
0.7377
0.7377
0.7377
0.7377
0.7377
0.7377
0.7541
0.7541
0.7541
0.7541
0.7541
0.7541
0.7541
0.7541
0.7541
0.77049
0.77049
0.77049
0.77049
0.77049
0.77049
0.77049
0.77049
0.77049
0.77049
0.77049
0.77049
0.77049
0.77049
0.77049
0.77869
0.77869
0.77869
0.77869
0.77869
0.77869
0.77869
0.77869
0.77869
0.77869
0.77869
0.78689
0.78689
0.78689
0.78689
0.78689
0.78689
0.78689
0.78689
0.78689
0.78689
0.79508
0.79508
0.79508
0.79508
0.79508
0.79508
0.79508
0.79508
0.79508
0.79508
0.79508
0.79508
0.79508
0.79508
0.79508
0.79508
0.79508
0.79508
0.79508
0.79508
0.79508
0.80328
0.80328
0.80328
0.80328
0.80328
0.81967
0.81967
0.81967
0.81967
0.81967
0.81967
0.81967
0.81967
0.81967
0.81967
0.81967
0.81967
0.81967
0.81967
0.82787
0.82787
0.82787
0.82787
0.82787
0.82787
0.82787
0.82787
0.82787
0.82787
0.82787
0.82787
0.82787
0.82787
0.82787
0.82787
0.82787
0.82787
0.82787
0.82787
0.82787
0.82787
0.82787
0.82787
0.82787
0.82787
0.82787
0.82787
0.82787
0.82787
0.82787
0.82787
0.82787
0.82787
0.82787
0.83607
0.83607
0.83607
0.83607
0.83607
0.83607
0.83607
0.83607
0.83607
0.83607
0.83607
0.83607
0.83607
0.83607
0.83607
0.83607
0.83607
0.83607
0.83607
0.83607
0.83607
0.83607
0.83607
0.83607
0.84426
0.84426
0.84426
0.84426
0.84426
0.84426
0.84426
0.84426
0.84426
0.84426
0.84426
0.84426
0.84426
0.84426
0.84426
0.85246
0.85246
0.86066
0.86066
0.86066
0.86885
0.86885
0.86885
0.86885
0.86885
0.86885
0.86885
0.86885
0.86885
0.86885
0.86885
0.86885
0.86885
0.88525
0.88525
0.88525
0.89344
0.89344
0.89344
0.89344
0.89344
0.89344
0.89344
0.89344
0.89344
0.89344
0.89344
0.89344
0.89344
0.89344
0.89344
0.89344
0.89344
0.89344
0.89344
0.89344
0.89344
0.89344
0.90164
0.90164
0.90164
0.90164
0.90164
0.90164
0.90164
0.90984
0.90984
0.90984
0.90984
0.90984
0.90984
0.90984
0.90984
0.90984
0.90984
0.90984
0.90984
0.90984
0.90984
0.91803
0.91803
0.91803
0.91803
0.91803
0.91803
0.91803
0.91803
0.91803
0.91803
0.91803
0.91803
0.91803
0.91803
0.91803
0.92623
0.92623
0.92623
0.92623
0.92623
0.92623
0.92623
0.92623
0.92623
0.92623
0.92623
0.92623
0.92623
0.92623
0.92623
0.92623
0.92623
0.92623
0.92623
0.92623
0.92623
0.94262
0.94262
0.94262
0.94262
0.94262
0.94262
0.94262
0.94262
0.94262
0.94262
0.94262
0.94262
0.94262
0.94262
0.94262
0.94262
0.94262
0.95082
0.95082
0.95082
0.95082
0.95082
0.95082
0.95082
0.95082
0.95082
0.95082
0.95082
0.95082
0.95082
0.95082
0.95902
0.95902
0.96721
0.96721
0.96721
0.96721
0.96721
0.96721
0.96721
0.96721
0.96721
0.96721
0.96721
0.96721
0.96721
0.96721
0.96721
0.96721
0.96721
0.96721
0.96721
0.96721
0.97541
0.98361
0.98361
0.98361
0.98361
0.98361
0.98361
0.98361
0.98361
0.98361
0.98361
0.98361
0.98361
0.98361
0.98361
0.98361
0.98361
0.98361
0.98361
0.98361
0.98361
0.98361
0.98361
0.98361
0.98361
0.98361
0.98361
0.98361
0.98361
0.98361
0.98361
0.98361
0.98361
0.98361
0.98361
0.98361
0.98361
0.98361
0.98361
0.98361
0.98361
0.98361
0.98361
0.98361
0.98361
0.98361
0.98361
0.98361
0.98361
0.98361
0.98361
0.98361
0.98361
0.98361
0.98361
0.98361
0.98361
0.98361
0.98361
0.98361
0.98361
0.98361
0.98361
0.98361
0.98361
0.98361
0.98361
0.98361
0.98361
0.98361
0.98361
0.98361
0.98361
0.98361
0.98361
0.98361
0.98361
0.9918
0.9918
0.9918
0.9918
0.9918
0.9918
0.9918
1
1
1
1
1
1
1
1
1
1
1
1
1
1
1
1
1
1
1
1
1
1
1
1
1
1
1
1
1
1
1
1
1
1
1
1
1
1
1
1
1
1
1
1
1
1
1
1
1
1
1
1
1
1
1
1
1
1
1
1
1
1
1
1
1
1
1
1
1
1
1
1
1
1
1
1
1
1
1
1
1
1
1
1
1
1
1
1
1
1
1
1
1
1
1
1
1
1
1
1
1
1
1
1
1
1
1
1
1
1
1
1
1
1
1
1
1
1
1
1
1
1
1
1
1
1
1
1
1
1
1
1
1
1
1
1
1
1
1
1
1
1
