0.000000000000000000e+00
6.994309714130877431e-01
7.585963961522828036e-01
8.276114347649368153e-01
8.555615770220837968e-01
8.736079122070179448e-01
8.867226663053786595e-01
8.949193876168539674e-01
9.047554531906246700e-01
9.293591654247391753e-01
9.309985096870342369e-01
9.309985096870342369e-01
9.359165424739195327e-01
9.474190489093619050e-01
9.490719414713453261e-01
9.507112857336406098e-01
9.540035225579188705e-01
9.556428668202141541e-01
9.638395881316894620e-01
9.638395881316894620e-01
9.638395881316894620e-01
9.671318249559680558e-01
9.671318249559680558e-01
9.720634060425416001e-01
9.737027503048366617e-01
9.737027503048366617e-01
9.737027503048366617e-01
9.753420945671317233e-01
9.753420945671317233e-01
9.769814388294267848e-01
9.769814388294267848e-01
9.769814388294267848e-01
9.786343313914104280e-01
9.786343313914104280e-01
9.786343313914104280e-01
9.819130199160005512e-01
9.819130199160005512e-01
9.835523641782956128e-01
9.835523641782956128e-01
9.835523641782956128e-01
9.835523641782956128e-01
9.852052567402790340e-01
9.852052567402790340e-01
9.852052567402790340e-01
9.868446010025740955e-01
9.868446010025740955e-01
9.868446010025740955e-01
9.868446010025740955e-01
9.884839452648691571e-01
9.884839452648691571e-01
9.901232895271643297e-01
9.901232895271643297e-01
9.901232895271643297e-01
9.901232895271643297e-01
9.917761820891477509e-01
9.917761820891477509e-01
9.934155263514430345e-01
9.934155263514430345e-01
9.950548706137378741e-01
9.950548706137378741e-01
9.950548706137378741e-01
9.950548706137378741e-01
9.950548706137378741e-01
9.950548706137378741e-01
9.950548706137378741e-01
9.950548706137378741e-01
9.950548706137378741e-01
9.950548706137378741e-01
9.983606557377049384e-01
9.983606557377049384e-01
9.983606557377049384e-01
9.983606557377049384e-01
9.983606557377049384e-01
1.000000000000000000e+00
1.000000000000000000e+00
1.000000000000000000e+00
1.000000000000000000e+00
1.000000000000000000e+00
1.000000000000000000e+00
1.000000000000000000e+00
1.000000000000000000e+00
1.000000000000000000e+00
1.000000000000000000e+00
1.000000000000000000e+00
1.000000000000000000e+00
1.000000000000000000e+00
1.000000000000000000e+00
1.000000000000000000e+00
1.000000000000000000e+00
1.000000000000000000e+00
1.000000000000000000e+00
1.000000000000000000e+00
1.000000000000000000e+00
1.000000000000000000e+00
1.000000000000000000e+00
1.000000000000000000e+00
1.000000000000000000e+00
1.000000000000000000e+00
1.000000000000000000e+00
1.000000000000000000e+00
