0.000000000000000000e+00
8.391410377997561287e-01
8.769001490312966496e-01
8.982116244411326722e-01
9.261211217992141309e-01
9.376100799349680326e-01
9.392494241972630942e-01
9.441810052838368605e-01
9.507383823330173289e-01
9.540170708576074521e-01
9.556699634195908732e-01
9.622273404687711196e-01
9.622273404687711196e-01
9.671453732556564153e-01
9.671453732556564153e-01
9.687982658176398365e-01
9.687982658176398365e-01
9.704511583796232577e-01
9.753691911665084424e-01
9.770085354288035040e-01
9.802872239533938492e-01
9.802872239533938492e-01
9.852052567402790340e-01
9.852052567402790340e-01
9.852052567402790340e-01
9.852052567402790340e-01
9.884839452648691571e-01
9.884839452648691571e-01
9.884839452648691571e-01
9.901232895271643297e-01
9.901232895271643297e-01
9.901232895271643297e-01
9.917761820891477509e-01
9.934155263514430345e-01
9.934155263514430345e-01
9.934155263514430345e-01
9.934155263514430345e-01
9.950548706137378741e-01
9.950548706137378741e-01
9.966942148760331577e-01
9.966942148760331577e-01
9.983471074380165788e-01
9.983471074380165788e-01
9.983471074380165788e-01
9.983471074380165788e-01
9.983471074380165788e-01
9.983471074380165788e-01
9.983471074380165788e-01
9.983471074380165788e-01
9.983471074380165788e-01
1.000000000000000000e+00
1.000000000000000000e+00
1.000000000000000000e+00
1.000000000000000000e+00
1.000000000000000000e+00
1.000000000000000000e+00
1.000000000000000000e+00
1.000000000000000000e+00
1.000000000000000000e+00
1.000000000000000000e+00
1.000000000000000000e+00
1.000000000000000000e+00
1.000000000000000000e+00
1.000000000000000000e+00
1.000000000000000000e+00
1.000000000000000000e+00
1.000000000000000000e+00
1.000000000000000000e+00
1.000000000000000000e+00
1.000000000000000000e+00
1.000000000000000000e+00
1.000000000000000000e+00
1.000000000000000000e+00
1.000000000000000000e+00
1.000000000000000000e+00
1.000000000000000000e+00
1.000000000000000000e+00
1.000000000000000000e+00
1.000000000000000000e+00
1.000000000000000000e+00
1.000000000000000000e+00
1.000000000000000000e+00
1.000000000000000000e+00
1.000000000000000000e+00
1.000000000000000000e+00
1.000000000000000000e+00
1.000000000000000000e+00
1.000000000000000000e+00
1.000000000000000000e+00
1.000000000000000000e+00
1.000000000000000000e+00
1.000000000000000000e+00
1.000000000000000000e+00
1.000000000000000000e+00
1.000000000000000000e+00
1.000000000000000000e+00
1.000000000000000000e+00
1.000000000000000000e+00
1.000000000000000000e+00
1.000000000000000000e+00
