0.000000000000000000e+00
8.473106625118548285e-01
8.522422435984283728e-01
8.702750304836742723e-01
8.784853000948380508e-01
9.129657228017883375e-01
9.293591654247391753e-01
9.293591654247391753e-01
9.326378539493294095e-01
9.359300907736078923e-01
9.408481235604930770e-01
9.424874678227881386e-01
9.441268120850832002e-01
9.490448448719683849e-01
9.523370816962470897e-01
9.539764259585421513e-01
9.556293185205255725e-01
9.589080070451156956e-01
9.671047283565912256e-01
9.671047283565912256e-01
9.703834168811814598e-01
9.720227611434765214e-01
9.818994716163121916e-01
9.818994716163121916e-01
9.818994716163121916e-01
9.835523641782956128e-01
9.868581493022625661e-01
9.884974935645576277e-01
9.934290746511311720e-01
9.934290746511311720e-01
9.934290746511311720e-01
9.934290746511311720e-01
9.934290746511311720e-01
9.934290746511311720e-01
9.934290746511311720e-01
9.967077631757215173e-01
9.967077631757215173e-01
9.967077631757215173e-01
9.967077631757215173e-01
9.967077631757215173e-01
9.967077631757215173e-01
9.983471074380165788e-01
9.983471074380165788e-01
9.983471074380165788e-01
9.983471074380165788e-01
9.983471074380165788e-01
9.983471074380165788e-01
9.983471074380165788e-01
9.983471074380165788e-01
9.983471074380165788e-01
9.983471074380165788e-01
9.983471074380165788e-01
9.983471074380165788e-01
9.983471074380165788e-01
9.983471074380165788e-01
9.983471074380165788e-01
9.983471074380165788e-01
9.983471074380165788e-01
9.983471074380165788e-01
9.983471074380165788e-01
9.983471074380165788e-01
9.983471074380165788e-01
9.983471074380165788e-01
1.000000000000000000e+00
1.000000000000000000e+00
1.000000000000000000e+00
1.000000000000000000e+00
1.000000000000000000e+00
1.000000000000000000e+00
1.000000000000000000e+00
1.000000000000000000e+00
1.000000000000000000e+00
1.000000000000000000e+00
1.000000000000000000e+00
1.000000000000000000e+00
1.000000000000000000e+00
1.000000000000000000e+00
1.000000000000000000e+00
1.000000000000000000e+00
1.000000000000000000e+00
1.000000000000000000e+00
1.000000000000000000e+00
1.000000000000000000e+00
1.000000000000000000e+00
1.000000000000000000e+00
1.000000000000000000e+00
1.000000000000000000e+00
1.000000000000000000e+00
1.000000000000000000e+00
1.000000000000000000e+00
1.000000000000000000e+00
1.000000000000000000e+00
1.000000000000000000e+00
1.000000000000000000e+00
1.000000000000000000e+00
1.000000000000000000e+00
1.000000000000000000e+00
1.000000000000000000e+00
1.000000000000000000e+00
1.000000000000000000e+00
